0.8082026420652677
0.7574624061695789
0.7413457068190117
1.0576982100293115
0.004430407486194754
0.596992321003126
0.18154778365298804
0.716556661623751
0.8775112006248638
0.38832415910259344
0.0008833598730995049
0.6444045373114515
0.8826978275233366
0.6325434920742856
0.08179442184762695
0.8310301297561669
1.062929804095436
0.7832007451943171
0.7405299200607408
1.0645286436619719
0.01616743838682115
0.5678379363604406
0.16571879725401423
0.70236915332596
0.8446061279146475
0.40745473084489453
0.0029951468429559665
0.644901619940134
0.9131758257496931
0.5605464050589021
0.08508266836599686
0.8232022109897197
1.0658312940449712
0.8101629128046663
0.739784280703129
1.0707035270428797
0.0344469571691049
0.536165787914165
0.15093448205825064
0.6823161314254804
0.8083028393476543
0.43034655649666603
0.006002780737257765
0.6454282653521175
0.9397719617051603
0.4918828971860004
0.08925249912589897
0.8156324952641884
1.067480402072756
0.8380924246062877
0.7391070492881573
1.0761880251220088
0.05818913546967655
0.5016770796747728
0.13716996856998664
0.657858966640205
0.7717203394761362
0.45795254668179514
0.00973350631813588
0.6459769116284814
0.9631780888594673
0.4292381368941591
0.09432601592933049
0.8083609719332114
1.0675778003602507
0.8666630885144544
0.7384971515459662
1.080962197887801
0.08550935434600462
0.4644136634094933
0.12440306481022737
0.630715842985869
0.7381740413705101
0.49143911450681543
0.014084825033720435
0.6465397124887149
0.9839846426566501
0.3741961936477817
0.10036880165594605
0.8014241988430826
1.0658155854835616
0.895479590530653
0.737954144313099
1.0850234221862651
0.11388987787795174
0.424949960087917
0.11261571999526745
0.6025714041488304
0.710710384585863
0.5320994495797824
0.019000471965108335
0.6471086265848592
1.0026298810149559
0.3274040381606276
0.10750874988258263
0.7948555460461061
1.0618943493285082
0.9240853171120637
0.73747814712473
1.0883881799626989
0.14080802368207876
0.38440487734218887
0.10179524830396292
0.5748696792470294
0.6916787981871363
0.5810243332249915
0.02445976134583309
0.6476755211563098
1.0194233815944322
0.2888892528211182
0.11596710326519455
0.7886856800105149
1.0555448000822225
0.9519786275013787
0.7370697450344639
1.0910929392028899
0.16444778874548208
0.3442017687249508
0.09193532943717138
0.5487195806270345
0.6822389723596072
0.6382318911998122
0.030472276689844632
0.6482322883883405
1.0345878194507856
0.25839490933342973
0.12611177645109686
0.7829432604847021
1.0465523960829968
0.9786375831151212
0.7367298672016203
1.0931938936751515
0.18405795284834403
0.3057017233437377
0.08303678683189251
0.5248941535765996
0.681606252706044
0.7008528767947202
0.037075572522055886
0.6487709719198854
1.0482929563769685
0.23568188358477626
0.1385517471400951
0.7776558350490503
1.0347822129295419
1.003551458024333
0.7364596452061755
1.0947654109895941
0.1998421997323705
0.26992576579508504
0.07510811733829716
0.5038849982501313
0.6862423683676535
0.7604839142019788
0.0443350775543281
0.6492839000833938
1.0606768109331255
0.22082305186896745
0.15430896972672034
0.7728509355593428
1.0202002344732723
1.0262555646063147
0.7362602547945454
1.0958971618408018
0.21259520393205067
0.23747263604063265
0.06816570623759571
0.4859765472236388
0.6908258554236255
0.8021279744972506
0.052345936149344886
0.6497638217011132
1.0718570658473154
0.2145740480932009
0.17514304413982718
0.7685574057936029
1.0028868788993213
1.0463645940399973
0.7361327447397363
1.0966900533031287
0.22333884168131873
0.20858780868277815
0.062233610689032555
0.47131753762876316
0.6946872128709024
0.8099199057837021
0.061236749967444146
0.6502040396777241
1.0819367852756925
0.21898105667916085
0.20418645323826817
0.7648070210103888
0.983039196355683
1.0635993471503091
0.7360778566537515
1.0972512436357251
0.23307663499212405
0.18328718274219732
0.057342745053475974
0.4599792605628269
0.6955175322121085
0.7792189897380827
0.07117524713411595
0.6505985372812367
1.0910073203614334
0.2385123303727854
0.24719897319279288
0.7616364986845297
0.9609598643540098
1.077802693400809
0.7360958398697092
1.0976886479780101
0.24266830495281083
0.1614687067142993
0.05352928577840181
0.4519984248907183
0.6867031138018231
0.7213146836831597
0.08237581915779807
0.6509420919419439
1.0991499986408213
0.28210280575357505
0.31488395558724663
0.7590900460020229
0.937033505102687
1.0889426555771489
0.736186265878499
1.0981054269762671
0.2527851042732746
0.14298856572211702
0.050832195415199205
0.44740419718348323
0.6725779969287127
0.6537756188796215
0.09510853566776768
0.6512303716493046
1.106437347898257
0.36550010582564263
0.4255232524460377
0.7572226416954938
0.9116932663633809
0.7363478472301601
1.0985949644580568
0.26390917754118715
0.12770360967878785
0.049290029878782594
0.4462123860737288
0.659438526348547
0.5896893312842817
0.10970846563090209
0.6514600095936925
1.1129341539748159
0.50373350190818
0.5956641471622927
0.7561042961266956
0.8853823192895982
1.0971030561737827
0.7365782662620184
1.0992367792391795
0.27635362290421456
0.11548962848067373
0.04893768068250573
0.4484173162272397
0.6511430588163881
0.535192679896751
0.12658251757186584
0.6516286535560609
1.1186984447352224
0.653564160627756
0.7700850453795907
0.7558255355152041
0.8585155512007157
1.1024643947743764
0.7368740194751957
1.1000936889245265
0.2902906911204585
0.10624501152896282
0.04980428159884188
0.4540158534747819
0.6491327157469821
0.49182627817201185
0.14620794173967497
0.6517349876459491
1.1237824114648474
0.6825169006374376
0.7875002124160875
0.7565041987669525
0.8314465462676337
1.1052789477729397
0.7372302837903738
1.101210373226734
0.30578173226497596
0.09988734583559078
0.05191380637168964
0.462997187069252
0.6534943914118836
0.4590854999164095
0.1691113166667135
0.65177872525199
1.128233255424761
0.5989611777740963
0.6745526745141516
0.7582929914784942
0.8044452006819611
1.105844287691922
0.7376408112733405
1.1026133029185603
0.32280559409704973
0.09634880466075912
0.05528953769586071
0.4753148539822375
0.6637242332908821
0.43586072229159933
0.19580883994181755
0.6517605734124033
1.1320939462423993
0.5137707847454624
0.5646375742362478
0.761385192442601
0.7776951372222112
1.1044787058496661
0.7380978591325583
1.104311841243189
0.34128373662420775
0.09557474065835475
0.05996273413411397
0.4908511630853285
0.6790789259355385
0.421001506856478
0.22667990654590428
0.651682170141778
1.1354038845127359
0.45726154978318323
0.49100957613031193
0.7660098596239493
0.7513361322754394
1.10150081344216
0.7385921618378417
1.1063002135119726
0.36110123083441753
0.09752819739434992
0.06598516962147885
0.5093757440804738
0.6986782448070648
0.41339396683452245
0.26174498437555355
0.6515459974741826
1.1381994672079905
0.42383273577758135
0.44591570817495857
0.7723904678175755
0.7256340708412691
1.0972143277661912
0.7391129520020946
1.1085599907331338
0.38212341622184215
0.10220120950030609
0.07344536868871938
0.5305046714071264
0.7214950726122047
0.41180049284032716
0.3003476043330715
0.6513552740211339
1.1405145592880304
0.4054507183451726
0.41945541338222725
0.7805914558269953
0.7015766372888037
1.0918980230641329
0.7396480361466387
1.111062742599417
0.40420841181673467
0.10963242126821489
0.082489215616294
0.5536738430437771
0.7463159755527871
0.41465922033302655
0.340830245679925
0.6511138316364258
1.142380878026822
0.39671252948105684
0.4050665278360373
0.790042204323157
0.6832130486742686
1.085800164749729
0.740183930567545
1.113772570110583
0.4272159399387544
0.11992990236514027
0.09334658123122072
0.5781488207901149
0.7717262332971794
0.42014381821656865
0.3804399465216528
0.6508259812904168
1.1438282983469419
0.3943206467730205
0.3987541710131096
0.7982133276832528
0.6906083887030291
1.079136438329383
0.7407060611794144
1.1166483083514458
0.4510130541940619
0.13329759250439882
0.10636581823784305
0.6030994891851239
0.7961578879843529
0.42660993697846133
0.4157652333586632
0.650496373471363
1.144885088297355
0.39625360770867946
0.39806667991277417
0.797619498957278
0.7478686506610485
1.072090342927906
0.7411990294017501
1.1196452754205097
0.4754773944440678
0.15006301770722116
0.12205572536693027
0.627746462837579
0.8180209074596019
0.43169462059240143
0.44374631185875035
0.6501298583608535
1.145578084070208
0.401233098208382
0.40145139418207937
0.7729164846381045
0.8427166328601459
1.0648151390245828
0.7416469438706803
1.1227165188981314
0.500498555571615
0.17070218672041193
0.14112821796414088
0.6513384971928615
0.8359060108695758
0.43350396699438715
0.4627510342411299
0.6497313507076152
1.145932813877281
0.40841902975996897
0.4078885368932138
0.7138638883646836
0.9341407471818252
1.0574366316374797
0.7420338150505322
1.1258135679654544
0.5259780838191743
0.19585369201795305
0.16453035022568144
0.6726773770202289
0.8488084122332932
0.4316557409634812
0.472984163523816
0.6493057037923108
1.1459735797480157
0.4172367170814267
0.41668398435900267
0.6623979205369549
0.966433787024057
1.0500562726052356
0.7423440067837398
1.1288867349978728
0.551828526713058
0.22630609871300955
0.19345709772688052
0.6907912790791065
0.8562963679681201
0.4268938591031483
0.47602618640535443
0.6488575961927853
1.1457235059540865
0.4272770364100082
0.427349183747539
0.6896702156506087
0.9373767199972274
1.042754244577457
0.7425627356116898
1.1318850272184984
0.5779718747589974
0.2629288017293971
0.22932108487769232
0.7053365059006645
0.8585598035144968
0.42040486161683394
0.4739809748279047
0.6483914342814253
1.145204562345224
0.4382371669445149
0.43952918660893014
0.7210491766574052
0.8855440711994005
1.0355923307725514
0.7426766055381948
1.1347557310933651
0.6043376534136865
0.3064972388598619
0.2736160291857051
0.7165053787792223
0.8563224767323735
0.4132988526229716
0.4687967153218335
0.6479112725698031
1.144437570401896
0.449884430852611
0.4529577098782352
0.7403860467957107
0.8364138942685277
1.0286164770557558
0.7426741630534865
1.1374437243358666
0.6308608558937675
0.357348957852223
0.3275814000473119
0.7248740584908544
0.8506571033354862
0.40638323690974487
0.4619601389158659
0.6474207532095337
1.1434421992617814
0.4620336570944695
0.4674275639811249
0.751985920669215
0.7969441004188709
1.021859021542829
0.7425464549815093
1.139890556790248
0.6574798517600552
0.4148319667713103
0.39158684503658486
0.7312188954720913
0.8427722868893985
0.4001444604458058
0.45447035191466506
0.6469230652014557
1.1422369583404681
0.4745326956664331
0.4827697712727751
0.7601549385319958
0.7666335577410721
1.0153406092943176
0.7422875703503637
1.1420333251138672
0.6841343616734064
0.4766381623772959
0.4642777408480298
0.7363510893780583
0.8338319873742607
0.39481859769530275
0.4469365092829086
0.6464209231859761
1.1408391924258139
0.4872529826537014
0.4988374172481055
0.7674317345891233
0.7433777712987549
1.0090718332718902
0.7418951472812398
1.1438033489584307
0.7107635530225445
0.5383955990569103
0.5418400595808994
0.740998839385246
0.8248380916851096
0.39047596480987556
0.439697212782132
0.6459165651029767
1.1392650842697827
0.5000833176957052
0.5154918689125741
0.7751929299339814
0.7252233622790781
1.00305465383337
0.7413708270498911
1.145124639173084
0.7373042815042739
0.5941475141371565
0.6181179802231902
0.7457419373966014
0.8165769023442269
0.38708966490580216
0.43291943634613084
0.6454117675268771
1.137529668730861
0.5129257334065778
0.5325900727929289
0.7841869496957863
0.7106865592107351
0.9972836520739833
0.7407206401200327
1.1459121316091334
0.7636894771602857
0.6380539487442219
0.6861740770160842
0.7509888392183103
0.8096134874869769
0.38458258854012256
0.4266685602156886
0.6449078770995348
1.1356468614458688
0.5256927554477908
0.5499725561103176
0.7948212079044452
0.698702138116458
0.9917471698629496
0.7399553131033184
1.1460696431203015
0.7898466466455202
0.6665774705508536
0.7407676284504292
0.7569815797358571
0.8043140264014934
0.3828566024458289
0.42095397351613256
0.6444058561930683
1.1336295038557398
0.5383056025609858
0.5674526819980082
0.807296529393748
0.6885147095264534
0.9864283825980509
0.7390904912039418
1.1454874888046276
0.8156964332723478
0.6796211089698561
0.7801006153339037
0.7638156960444479
0.8008799898238539
0.38180936329488935
0.41575731140011624
0.6439063407240369
1.1314894252102097
0.5506930290185125
0.5848086865074109
0.8216628263997556
0.6795861329399909
0.9813063398826316
0.7381468776299379
1.1440396808929494
0.8411511391061289
0.6798829738664633
0.8056915146504451
0.7714663890292329
0.7993838715471475
0.3813432865346086
0.4110493730466626
0.6434097078961486
1.129237520974888
0.5627906073936648
0.6017809064126909
0.8378383500289324
0.6715285986701556
0.9763569950360568
0.7371502995600235
1.1415806097123735
0.8661130652792594
0.6712290361533974
0.8209014792444708
0.7798159291375439
0.7998012790399239
0.38136982784508405
0.4068000400652082
0.6429161515568941
1.1268838459093273
0.5745403100537212
0.6180770632844316
0.8556181243641217
0.6640586124532744
0.971554227947894
0.7361317194473156
1.137941086397481
0.8904724636255423
0.657303829271864
0.8293919945309098
0.788679880735523
0.8020375852850785
0.38181109349864695
0.40298404807285654
0.6424257628022946
1.124437719026698
0.5858902866548534
0.633388074586529
0.8746907066182934
0.6569657664618065
0.9668708496958167
0.7351272207119158
1.1329236078007772
0.9141048102987783
0.6408874005397062
0.8342319649893781
0.7978311129372916
0.8059491937242731
0.3826000021769564
0.39958444162172213
0.6419386134439543
1.1219078367311996
0.596794760121977
0.647415268183631
0.8946806637236547
0.6500915375895053
0.9622795645227668
0.7341780083003068
1.126296692283673
0.9368670058310915
0.6238351700339642
0.8376338352877287
0.807021156257293
0.8113602499465927
0.3836797133231145
0.3965949069470423
0.6414548399582831
1.1193023896975456
0.6072139799634207
0.6599069599608257
0.9151841170833035
0.6433148122204009
0.9577538577179304
0.7333304772813477
1.1177881438093504
0.9585919727502824
0.6072748822022447
0.8410285976889569
0.8159986395119756
0.8180757973758785
0.38500272760855037
0.3940218279316366
0.640974725567361
1.1166291785386342
0.6171141822995366
0.6706984227714391
0.9356375955486773
0.636541913820017
0.9532687777832273
0.7326364169454355
1.107077157872583
0.9790809618679674
0.5918465932357211
0.845246327048331
0.8245245755131176
0.8258922395278397
0.3865298819372589
0.39188672719853107
0.6404987781560827
1.1138957230149988
0.6264675125908614
0.6797456752907907
0.9553680217635991
0.6296996534527488
0.948801587337839
0.7321534364429069
1.093785339215908
0.9980927025530922
0.57790054393104
0.8506895210074727
0.8323843071774075
0.8346057344446709
0.38822935542790005
0.39022937507377276
0.6400278018162903
1.1111093594793744
0.6352518710251969
0.6871427631994449
0.9738016890471299
0.6227304294215756
0.9443322674435275
0.7319457355256787
1.0774670588853066
1.0153283766174765
0.5656369026302153
0.8574657054410308
0.8393960299637864
0.8440189148717181
0.39007574273683177
0.3891096207842804
0.6395629599324615
1.1082773214054606
0.6434506428433252
0.6931157987878672
0.990518245145328
0.6155887334827402
0.9398438717566019
0.7320854547859529
1.0576003231449032
1.0304113510902375
0.5551959669422625
0.8654800940820297
0.8454159646928711
0.8539461510507153
0.39204921783036795
0.3885973025304626
0.6391058278938475
1.105406798199911
0.6510522774408753
0.697993138160985
1.0052593735918751
0.608238632293269
0.9353227377312532
0.7326551531103476
1.03358078937329
1.042860877473694
0.5467129927640497
0.8744985558708679
0.8503404332644651
0.8642174673270033
0.3941347935080037
0.38873254830217824
0.6386584337423725
1.1025049680071097
0.658049681880257
0.7021563829128595
1.017917024546364
0.600651930372647
0.9307585704213075
0.733752622735625
1.0047242978952395
1.0520599776819934
0.5403509483720301
0.8841906922511699
0.8541052518932158
0.8746811838939982
0.3963216729422749
0.389486804294525
0.6382232853504539
1.0995790008476924
0.6644393977665802
0.7059808513643413
1.028505383941848
0.5928068140079416
0.9261444196027055
0.7355002005643344
0.9702881383316252
1.0572202900983854
0.5363213908935011
0.8941598030128102
0.8566829747958298
0.885205364099704
0.3986026853577776
0.3907865640807657
0.6378033830712331
1.0966360291455497
0.6702205370198552
0.7097792231666356
1.0371249343786768
0.5846868393190072
0.9214765730769737
0.7380617545897111
0.9295293042730893
1.057352084417133
0.5349000598212207
0.9039637212314116
0.8580785818193175
0.8956781843761747
0.40097379649032494
0.39255684967284427
0.6374022172132711
1.0936830834554967
0.6753934642290617
0.71376637923873
1.0439268488964188
0.5762801706863548
0.9167543886878842
0.7416720397915738
0.8818299854851923
1.0512577821442732
0.5364403684983522
0.9131286515631297
0.8583242050630471
0.9060073874207029
0.4034336843763539
0.39473626905120784
0.6370237501569708
1.090726991976449
0.6799582339351622
0.7180572282700057
1.04908323811109
0.5675790040518901
0.9119800855337148
0.7466863882745893
0.8269354127050319
1.037583404743408
0.5413845903083765
0.9211572008290708
0.8574734405574174
0.9161190138885349
0.4059833716081561
0.39727602499347786
0.6366723834353958
1.0877742432010213
0.6839128237670521
0.7226913167210481
1.0527655952418176
0.5585791280264534
0.9071585118052946
0.7653609710072925
1.014981756068677
0.550268556780575
0.92753149840429
0.8555957058260977
0.9259556243400766
0.4086259060585982
0.40013638094848125
0.6363529106325632
1.0848308118059884
0.687251252225069
0.727665664539121
1.0551313530842652
0.5492795878358981
0.9022969032118924
0.7536646985023937
0.6990218159128535
0.9824503311225286
0.5637105225076292
0.9317124544437381
0.8527709992068044
0.935474218988191
0.4113660830184736
0.40328388828067796
0.6360704574810772
1.0819019486346413
0.6899617353711084
0.7329612221806523
1.0563171208355482
0.539682425327696
0.8974046424941571
0.7635118700750042
0.6321146893870172
0.9398750977127042
0.5823686562053974
0.9331366849096993
0.8490853078450389
0.9446440406087702
0.4142102025938825
0.40668954109443584
0.6358304110435004
1.0789919363829048
0.6920251191394742
0.7385589946283375
1.056436729786082
0.5297924740606166
0.892493027332677
0.777700194773588
0.5723157385456912
0.8887030607887081
0.6068464639261618
0.9312134150693374
0.8446268110765612
0.953444411562486
0.41716585702985043
0.4103275797937747
0.6356383403098448
1.0761038134109486
0.6934139172154418
0.7444484940929079
1.0555823369933992
0.5196171928162412
0.887575051182392
0.798559964613518
0.5327834619667895
0.8325040005689335
0.6375268999255024
0.9253247453521334
0.8394829432361378
0.9618627158758262
0.4202417433419601
0.4141747116527188
0.6354999109091702
1.0732390690070142
0.6940923732902491
0.7506328965271483
1.0538272035556764
0.5091665242296028
0.8826651992476855
0.8293856597528517
0.7771369887994366
0.6743333658144718
0.9148339238021144
0.8337383194300212
0.9698925976588113
0.4234474972481638
0.41820959828991006
0.6354207968950621
1.0703973144850587
0.6940180239181293
0.757135667389191
1.0512291761310366
0.49845276794813936
0.877779259950096
0.8731906117414974
0.5360636755113456
0.716457662560036
0.8991073899547313
0.8274734906966638
0.9775324120620135
0.42679354490361066
0.42241251570931687
0.6354065927039603
1.067575935761098
0.6931452245939315
0.7640129309718453
1.0478342559789575
0.4874904599828257
0.8729341507853641
0.9269895485535952
0.6105686604040718
0.7306207228762988
0.7621549089549456
0.8775566493599194
0.8207644800814293
0.9847839368802274
0.4302909693627731
0.4267651261631714
0.6354627283937431
1.0647697345797755
0.6914309699846574
0.7713326613946655
1.043679906448808
0.4762962518355318
0.8681477563561364
0.9711338045255189
0.7538028175947098
0.7036474319346725
0.8087461456375432
0.8497044438746106
0.8136830560960383
0.9916513325150396
0.4339513890306571
0.4312503210866304
0.6355943911456666
1.061970567395811
0.6888430489932432
0.7790272539939901
1.038797930918176
0.46488878465524314
0.8634387755309376
0.9760720782269308
0.9136342090998384
0.7087995919514753
0.8529312172113408
0.81527506128548
0.8062977223381834
0.9981403248333038
0.43778684564691067
0.4358521065478097
0.6358064557652586
1.059166993073785
0.6853701166927741
0.7868939746844857
1.03321686615533
0.4532885551472295
0.8588265740369105
0.9414853329516122
1.0434617853852828
0.7566343160977914
0.8913745139904731
0.7743005790931549
0.7986754400900795
1.004257578318629
0.44180969953312355
0.44055551040704805
0.6361034265616389
1.0563439430361279
0.6810326879702233
0.794707933473792
1.0269639005562103
0.4415177712784227
0.8543310382567258
0.8967518096773684
1.130821730697124
0.8690667168193924
0.9213617147074159
0.7272249317303281
0.7908841548597566
1.0100102243451379
0.4460325300172353
0.445346495562912
0.6364893925434704
1.0534824301884476
0.6758934907101021
0.8022385241447443
1.0200663593637467
0.4296001970045743
0.8499724253954473
0.8622933000886981
1.049293892062839
1.0097352075867678
0.6749803124828612
0.7829962726881337
1.015405509966413
0.4504680390347735
0.45021186733210744
0.6369679973689387
1.0505593157384427
0.6700652554890247
0.8092523009587795
1.0125528121937977
0.4175609863180225
0.8457712042440764
0.8417499026352111
0.8810278309107814
1.0566555374025217
0.9412733160474615
0.6190118210431423
0.7750933430534463
1.0204505350650122
0.4551289559849167
0.4551391657651095
0.6375424249548045
1.0475471556616789
0.6637140687604409
0.8155231896380308
1.0044538604058257
0.4054265078781306
0.8417478788670402
0.8319701336902214
0.8059214597694533
1.053822244692177
0.9507299082476386
0.5612411408433865
0.7672723996727032
1.0251520490803352
0.46002794194730284
0.46011653588819373
0.6382154011127079
1.0444141507121532
0.6570569942646435
0.8208463716707403
0.9958026584375756
0.3932241623500893
0.8379227834097555
0.8290578464887614
0.7836587448042021
1.0438528458016743
0.9504356978868947
0.5039877468293552
0.7596548294725445
1.0295162821387782
0.4651774913659417
0.4651325706925409
0.6389892110637483
1.041124225083908
0.6503537104910624
0.8250522138332466
0.9866352173891908
0.3809821953426315
0.8343158271816848
0.8300327610259876
0.782032366328997
1.0343024703643113
0.9418513035339502
0.4499020673936398
0.7523995439325961
1.033548788817729
0.4705898292802716
0.4701761232954798
0.639865732207015
1.0376372585499185
0.6438931536958153
0.828017434847681
0.9769905326945115
0.3687295095055955
0.8309461498941004
0.8329137696972023
0.7890277577416218
1.0265173746736165
0.9268308569552663
0.402015988743857
0.7457208129675847
1.0372542857618343
0.4762768021362226
0.47523608616405916
0.6408464811046302
1.0339094945493263
0.6379772010042766
0.8296716164149458
0.9669105715739956
0.35649547993171826
0.8278316077165095
0.8364635978090303
0.8000367745302087
1.0207528365803795
0.9073102542204148
0.3641820059331823
0.7398744025675789
1.0406364668813604
0.48224976014727583
0.4803011366909788
0.6419326733175895
1.029894141661726
0.6329038972733146
0.8299982847418587
0.9564401505224234
0.3443097775160112
0.8249879372779624
0.8399410804639554
0.8130653121849707
1.0155000326799688
0.8850835940924037
0.3432996602146896
0.7350584121430748
1.043697781975371
0.4885194291048216
0.48535944980633644
0.6431252945150748
1.0255421777406835
0.6289523789631396
0.8290309117992992
0.9456267284538247
0.33220220538467715
0.8224273271918032
0.8429227348710374
0.8271302706541838
1.0102249747897316
0.8616717679334118
0.34459739906394826
0.7314202650582127
1.0464391665205697
0.4950957694654258
0.4903983797921814
0.6444251812371167
1.0208033544572666
0.6263703767931118
0.8268450445948484
0.9345201372662117
0.32020255394453667
0.8201560014797324
0.8451854605416295
0.8416802147776663
1.0047125595828683
0.8382692523449472
0.36222211655222614
0.7291192984785688
1.0488597123280203
0.5019878204820308
0.4954041151101501
0.6458331099101151
1.0156273853303222
0.6253629523401169
0.8235481994786253
0.9231722683972982
0.3083404805825864
0.8181704654320189
0.84663201096987
0.8563648477511454
0.9988558682343265
0.8157474892211186
0.393117691957324
0.7283081349153361
1.0509562711441407
0.5092035271083384
0.5003613120211158
0.6473498933733222
1.0099652832566117
0.6260781768968575
0.8192691516635512
0.9116367312981885
0.2966454206316472
0.8164526575119672
0.8472441843245994
0.8709349213324952
0.9925990439980554
0.7946925013949117
0.7290842087621986
1.0527229864974759
0.5167495474072789
0.5052527151991758
0.6489764856282054
1.0037707955265605
0.6285836838998438
0.8141479292629714
0.8999684975420857
0.2851465370294731
0.8149655557954818
0.8470534426832399
0.8851953725458358
0.9859147384750242
0.7754580209588359
0.43549007224669656
0.7314287991016748
1.0541507536265462
0.5246310382556293
0.5100587766179974
0.650714098554573
0.997001867415938
0.6328334048015102
0.8083273566738077
0.8882235424126702
0.2738727172903643
0.813651779581797
0.8461223527990136
0.8989819145456281
0.9787933609259623
0.7582209468106571
0.4876702046926808
0.7351453648371709
1.0552266136572335
0.5328514172822296
0.5147572878856774
0.6525643408860843
0.9896220523039113
0.6386416651634899
0.8019465329645077
0.876458494208411
0.26285262821458955
0.812436597340103
0.8445327010572212
0.9121487120237451
0.9712372289607467
0.7430314209187912
0.5476123255341796
0.7398251973001724
1.0559330967284666
0.5414120992357683
0.5193230460626495
0.65452940539453
0.9816017797275542
0.6456953520100978
0.7951362684018486
0.8647303001005592
0.2521148415251989
0.8112339629463178
0.8423776906143777
0.9245616729325793
0.96325709677223
0.7298541048229228
0.6126068358965264
0.7448789306223822
1.0562475397167053
0.5503122053856386
0.5237275788549686
0.6566123749075815
0.9729193954360774
0.6536112518197352
0.7880162683118568
0.8530959161607238
0.2416880478640988
0.8099527854647703
0.8397565925205583
0.936094811875235
0.9548700066409596
0.7186000489666139
0.6792491402953232
0.7496567847544465
1.056141417451645
0.55954824515599
0.5279389618012962
0.6588178911482231
0.9635619011250911
0.6620053108054796
0.7806937382364866
0.8416120281115113
0.23160138309949607
0.8085016537904948
0.8367708194593922
0.9466284482668961
0.9460979607348721
0.709150076223009
0.7437409089383751
0.7536309387690329
1.0555797411773629
0.5691137700234322
0.531921767277906
0.6611550152588752
0.9535253464867285
0.6705394372937781
0.7732630577243413
0.8303348084482538
0.22188490095834526
0.8067918235853677
0.833520767493776
0.9560486120919572
0.9369671352703355
0.7013712272692509
0.802482470623183
0.7565612203886084
1.0545205930888353
0.5789990008234766
0.5356371920840424
0.6636373392750878
0.9428148610470727
0.6789397628071208
0.7658061983823194
0.819319714843358
0.21257024163642338
0.8047390174347561
0.8301030206134276
0.964247320540396
0.9275074594336958
0.6951279037973872
0.8527366623279273
1.052914878795322
0.5891904310576012
0.5390434158441381
0.6662531889830439
0.9314443545120313
0.6869969692118825
0.7583936168907025
0.8086213342030868
0.20369157061941798
0.8022646004933285
0.8266076919591796
0.9711235247017928
0.917752431501444
0.6902891671883203
0.8930658016972284
0.7585636293941946
1.05070638742913
0.5996704106192489
0.5420962447724099
0.6689970473455215
0.9194359567148949
0.6945591324122564
0.7510854160434319
0.7982932764427273
0.19528690116155553
0.7992964780533964
0.8231158171538654
0.9765845820772218
0.9077390733806794
0.6867333769078814
0.9233660311016575
0.760059308853483
1.0478322481854037
0.6104167166009733
0.5447500923186275
0.6718660981028581
0.9068193051865643
0.7015227249055115
0.7439326251151871
0.7883881220424347
0.18739997758473756
0.7957698774299187
0.8196968342774077
0.9805481244742512
0.8975079442219704
0.6843510790357776
0.9445541711929637
0.7616449824220759
1.0442238587864847
0.6214021205238489
0.5469593374038575
0.6748580536353767
0.8936308128938069
0.7078240034909664
0.7369784996793342
0.7789574278440494
0.18008300236347757
0.7916280778569453
0.8164062830042579
0.9829441815480592
0.8871031489982751
0.6830468241416194
0.9581111047355411
0.7639452614226474
1.0398083332008206
0.632593964436011
0.5486800800557784
0.6779704537114759
0.8799130545584473
0.7134314104920625
0.7302597789727057
0.7700517964653392
0.17340067008040663
0.7868231294293909
0.8132839236784822
0.9837174005373831
0.8765722913845269
0.6827404124901751
0.9656739494792589
0.767488101046463
1.034510472600699
0.6439537618065314
0.5498722817938361
0.6812002616883056
0.8657143928441737
0.7183390281102005
0.7238078668068066
0.7617210163198403
0.16743628673269148
0.7813166513178131
0.8103525025489773
0.9828291827258326
0.8659663330689997
0.683367893591076
0.9687681822403633
0.7726212838567995
1.0282552079451492
0.6554368428830774
0.5505022343815157
0.6845435715792494
0.8510889243337995
0.7225609639127424
0.7176499215152414
0.7540142816607083
0.16230132287695673
0.7750809470339014
0.8076173617358775
0.9802595457253475
0.8553393342900938
0.6848823099309472
0.9686795086437567
0.7794803716157338
1.0209704013570224
0.6669920680029549
0.5505452485914711
0.6879953722193699
0.8360967624690848
0.7261265343915022
0.7118098534332145
0.7469805052153577
0.15815081643472356
0.7681010063281726
0.8050670117170904
0.9760085250193011
0.8447480630317238
0.6872530745125313
0.9664234795466595
0.7880128774507599
1.0125898364697654
0.6785616359750943
0.5499884009087324
0.6915493504309098
0.8208045980217575
0.7290761421475049
0.7063092366842401
0.7406687387376422
0.15520912081360352
0.7603786989016198
0.8026746647918533
0.9700969525266616
0.8342514727583054
0.6904599082081524
0.9627678531350722
0.798039617587221
1.003056186478309
0.6900810177195826
0.548833130533171
0.6951977280161616
0.8052863992704787
0.7314577717035691
0.7011681470695033
0.7351287147401941
0.1538147334256046
0.7519421656385968
0.8004005975861066
0.9625664944348006
0.8239100604758942
0.6944752184729506
0.9582756135113947
0.8093173489025347
0.9923237329082757
0.7014790474044632
0.5470974537079092
0.6989311330582051
0.78962404917882
0.7333240487009951
0.6964059407639697
0.730411501017626
0.1545020344602991
0.7428675907703928
0.7981951015138518
0.9534788912265437
0.8137851278434306
0.6992430909897815
0.9533506096381028
0.8215815342339599
0.9803606241503614
0.7126782038331944
0.5448175689192917
0.7027385087436141
0.7739076813899846
0.7347298170465252
0.6920419901733135
0.7265701735454093
0.15815844872665027
0.7333315873128163
0.7960017182472039
0.9429144124780562
0.8039379776383814
0.7046825123143786
0.9482777256689283
0.8345698722576425
0.9671505102615668
0.7235951132654629
0.5420486724616602
0.70660706417559
0.7582354833874678
0.7357301912897504
0.6880963943120137
0.7236601403296228
0.16634581393181486
0.7237444314382321
0.7937604538503181
0.9309696087392463
0.7944290858532673
0.7107114776308732
0.9432551409465568
0.8480345030698484
0.9526934620962296
0.7341413007102848
0.5388648892598559
0.7105222719368597
0.742712788861358
0.7363790403311125
0.6845906818472312
0.7217380206478409
0.1820063599326662
0.7151193996827168
0.7914107145216888
0.9177545038627621
0.7853172959620043
0.7172625001145816
0.9384189146403343
0.8617487032157436
0.9370061656286515
0.7442242096940236
0.5353583392528121
0.7144679166815113
0.7274503767691508
0.7367278560670536
0.6815485257654027
0.7208565640185879
0.21114575915848902
0.7102706135417711
0.7888937908166352
0.9033894164912345
0.7766590862052353
0.7242846195028835
0.9338611278360923
0.8755108077264288
0.9201214610566448
0.7537485005653949
0.5316374871331525
0.71842619787334
0.7125620154652204
0.7368249584904853
0.6789964895068621
0.7210522739795161
0.2671903639971292
0.7176111059714377
0.7861548136414506
0.8880016248937103
0.7685079613199469
0.7317404100690148
0.9296429977623151
0.8891463994267158
0.9020873570305993
0.7626176250135086
0.5278250405593591
0.722377888027081
0.698161412523571
0.7367149880052695
0.6769648250691179
0.7223274476013146
0.3825185981743402
0.7525494110832622
0.7831441954953041
0.8717220941804116
0.7609140083056068
0.739602587279298
0.9258042267632571
0.9025091476794
0.8829656839240461
0.7707356607415966
0.5240557487901646
0.726302545566613
0.6843588288548322
0.7364386365938572
0.6754883428927212
0.7246400861000967
0.6255500791341005
0.8318371845564306
0.7798186432968093
0.8546824715050885
0.7539235974643108
0.747851271800176
0.9223695994581991
0.915480496473163
0.8628305537238224
0.778009377035494
0.5204744977576404
0.7301787788657923
0.6712576694040163
0.7360325718980057
0.6746073682532568
0.7279132038734499
0.9583787297957367
0.8384087231948321
0.7761418819306718
0.8370125279657119
0.7475789952594327
0.7564718977579332
0.9193535971555191
0.9279683873600193
0.8417667715195994
0.7843504920519153
0.517235098282686
0.7339845554114072
0.6589513632293986
0.7355295119072739
0.674368781526023
0.7320538118533637
0.9971236425273846
0.5799332202579068
0.7720852644316544
0.8188381916172157
0.7419170718387038
0.7654535763610277
0.9167635943539031
0.939905226868045
0.7896780796844983
0.5145001323195566
0.7376975475909279
0.6475207971744501
0.7349584123839994
0.6748270907930096
0.7369659638810009
0.892805180138754
0.3694096395361485
0.767628474127187
0.8002802805779684
0.7369656507456562
0.7747877488685608
0.9146020438912321
0.9512453241248194
0.8198683030500765
0.7939210922876544
0.5124421764734145
0.7412955046319782
0.6370324843173207
0.7343447339797724
0.6760453607036103
0.7425546356444749
0.8155822034502573
0.26852654587386976
0.762760557644794
0.7814540142178689
0.7327381362405878
0.7844670076490206
0.9128679396097964
0.9619620202740884
0.7972368548078427
0.7970209901669256
0.5112466834696476
0.7447566389444708
0.6275375509567076
0.7337107608727989
0.6780955341804557
0.7487241486476368
0.7651098595693356
0.22070321886829897
0.7574815793578811
0.7624693582581461
0.7292323913749366
0.7944839985672498
0.9115577599505158
0.9720447082800626
0.7739805778854478
0.7989345135090162
0.5111167881722133
0.748060014705328
0.6190715336113439
0.7330759474208932
0.6810571196986673
0.7553741794492478
0.729474302551068
0.19767144557448102
0.751805274466738
0.7434322494950535
0.7264365083064508
0.8048303410497433
0.9106660346948412
0.9814959061515764
0.7502128717725449
0.7996366964983739
0.5122803241913523
0.7511859270401495
0.6116549049034969
0.7324572736135909
0.6850124418336155
0.7623945516763422
0.702101292295427
0.18777990687187351
0.7457632210094206
0.7244467501745453
0.7243348365336619
0.8154955175185366
0.9101856336019964
0.9903285055424608
0.7260512439849568
0.7991242893741692
0.5149993857191778
0.7541162615381596
0.6052942015465996
0.7318695939316127
0.6900364946669915
0.7696590293007458
0.6796373990977809
0.18597219606715526
0.7394112789704477
0.705618203024591
0.7229102610672614
0.8264656947008637
0.9101078449642186
0.9985632770231315
0.7016161764983051
0.797419754352185
0.5195828207443745
0.7568348259163289
0.5999836084888559
0.7313259675578782
0.6961815808173026
0.7770179952592737
0.6602930576774381
0.18996769835368643
0.7328393933524731
0.6870574982741016
0.7221442286165157
0.8377224480187303
0.9104222905005441
1.006226677173708
0.6770299582849146
0.7945757317064762
0.5264020292301317
0.7593276481725825
0.5957068511944897
0.7308379607514925
0.7034608665926172
0.7842898844529572
0.6430550267502179
0.19880545238827227
0.7261863665474232
0.6688866268108232
0.7220162702106694
0.8492413686625597
0.9111167079767861
1.0133489732427634
0.6524154606820659
0.7906788381645047
0.5359102131613228
0.7615832382423375
0.592439237129337
0.7304159146416545
0.711835199072919
0.7912514393760428
0.6273173851217941
0.21225791097474628
0.7196618926126149
0.6512457814016113
0.7225036568621118
0.8609905425988904
0.9121766227327696
1.0199626791287257
0.6278948538890876
0.785849094825354
0.548664461388924
0.7635928127103181
0.5901495974293652
0.7300691737828249
0.721201865389455
0.7976273086435177
0.6127001882297782
0.23059454458280393
0.7135789406406985
0.6343023792029757
0.7235812932544294
0.8729289031054266
0.913584922777531
1.026101281479265
0.6035882838470196
0.7802274542061182
0.565348073474215
0.765350484293128
0.5888015319274368
0.7298062725959662
0.7313801878904846
0.8030803291023594
0.5989552105343028
0.25450320114396896
0.7084001287269001
0.6182625024365009
0.7252218088107522
0.885004474928155
0.9153213485852297
1.0317982257535836
0.5796125453407701
0.7739430261649558
0.5867859673633858
0.7668534194359735
0.5883524903785958
0.7296350783594201
0.7420914575319084
0.8072051572955278
0.5859142984932137
0.2850894487353548
0.7048009797063162
0.6033853581351214
0.727395782530365
0.8971525502645039
0.9173619078265141
1.037086127881898
0.5560797970649101
0.7670574784808303
0.6139363102250486
0.768101968382966
0.5887484533370543
0.7295628907502919
0.7529357333088362
0.8095297940273953
0.5734597064853791
0.3239066634167593
0.7037481506378779
0.5900013666361603
0.730072044543345
0.9092938658018273
0.9196782268850457
1.0419961764145425
0.533096366863701
0.7594847905181347
0.6478225303529072
0.7690997724806459
0.5899152840640481
0.7295964991056971
0.7633725776653668
0.809531707219368
0.5615063338886799
0.37295685262657285
0.7065755413688279
0.5785342318670091
0.7332180092234326
0.9213328868413697
0.9222368551971198
1.0465576916505979
0.5107616910259898
0.7508698221925798
0.6893375153983042
0.7698538533049621
0.5917564237026974
0.7297421995921272
0.7727171018666088
0.8066767355976878
0.5499906839589987
0.43453793558347587
0.715002699988164
0.5695264514596418
0.736800006492855
0.9331563490205477
0.9249985453916788
1.050797811259714
0.4891674220484996
0.7404089904432477
0.7388119234590019
0.7703746875248395
0.5941636779720277
0.7300057753510482
0.7801662572710848
0.8004877024541583
0.5388637598407062
0.5106759266621659
0.730958903543212
0.5636654050926763
0.740783588482925
0.9446322585195963
0.9279175421283287
1.0547412756686338
0.46839672687788025
0.7266637538629273
0.7952391219191979
0.7706762702805006
0.5970316464038752
0.7303924434322489
0.784870061234991
0.7906427439724082
0.5280863377543757
0.6017050556482463
0.7559568246289856
0.5618018660652578
0.7451337976540133
0.9556096034680565
0.9309409256306576
1.0584102904901314
0.4485237846009168
0.7076125577521005
0.8552365432564163
0.7707761682745089
0.6002658749106156
0.7309067729328136
0.7860536267936384
0.7770887040408822
0.517625710443821
0.7036819506230657
0.789763675372041
0.5649418135120416
0.7498153897028718
0.9659190744689403
0.9340080722143472
1.0618244472095624
0.42961348087366635
0.6814697427142877
0.9123946828193654
0.7706955617134211
0.6037849545586367
0.7315525792272001
0.783175700547484
0.76013534505834
0.5074533556376746
0.8056810934416233
0.8287783499935402
0.5741722349838675
0.7547930101053822
0.9753751182666386
0.9370503132274227
1.0650006870271969
0.4117212874827506
0.6481174187475519
0.9583405553827996
0.7704592716196322
0.6075198758414906
0.7323327995032343
0.7760830976100062
0.7404830707262562
0.4975431918743051
0.8908495250813708
0.8661069842433797
0.590451547494277
0.760031327094267
0.9837796388489801
0.9399908945213817
1.0679532960918428
0.39489330999644057
0.9861483119954804
0.7700957657568848
0.6114125786837042
0.7332493550139255
0.7651039128829176
0.7191477480666223
0.48787020771993855
0.9445203642797213
0.8951964139551933
0.6141715553167325
0.7654951264868248
0.9909275953687553
0.9427453581417412
1.0706939233267199
0.37916648439439427
0.6082435197158641
0.9938989270735836
0.769637132404123
0.6154144190591088
0.7343030055232727
0.7510337677174389
0.6972888953666266
0.47840932765766087
0.9633801248172938
0.913787732603266
0.6444445857454167
0.7711493753296808
0.9966146083731662
0.9452224813218593
1.07323161465627
0.3645689040664253
0.5632711694582991
0.9849802338802258
0.7691190064939878
0.6194847645285195
0.735493201381273
0.7350105235418982
0.6760010742686912
0.46913442980583375
0.9552701717294887
0.9227543920277443
0.6783147058896548
0.7769592620967057
1.0006464653919203
0.9473259070348102
1.0755728597289824
0.351120260364565
0.5166243491380175
0.9652126018251124
0.7685804274297208
0.6235897610933031
0.736817938522671
0.7183208501052953
0.6561494355593056
0.46001746978015046
0.9315152520658797
0.9219961222747015
0.7105729043429022
0.7828902214081819
1.0028501213321177
0.9489565744452892
1.0777216492410626
0.3388323815571961
0.4720331717123626
0.9399201040163557
0.7680636027604943
0.6277012619793241
0.7382736214695003
0.7022057240889161
0.6382978131465475
0.4510276996506313
0.9010705753016437
0.9094052994054114
0.7350648377040098
0.7889079511359506
1.0030854506658995
0.9500159950916891
1.0796795427432402
0.3277098554268868
0.43192927759073896
0.9127310655155499
0.7676135478235454
0.6317958949657846
0.7398549391468666
0.6877197654082097
0.6227227215338874
0.4421310067631457
0.869247110960109
0.8834446627672212
0.747337530163815
0.7949784294748353
1.0012566873784483
0.9504103142785687
1.0814457483934385
0.3177507194017251
0.39721302929689734
0.7672775699079292
0.6358542427469376
0.7415547580178058
0.6756664909298175
0.6094749795715253
0.43328943800045605
0.8386484901899263
0.8455242221752117
0.7466879508373596
0.8010679391954671
0.9973222667385638
0.9500549511414603
1.0830172175218875
0.3089471994069257
0.3677547053203847
0.8856864456687706
0.7671045681994134
0.6398601123461425
0.7433640367225575
0.6666026819701985
0.5984524541100497
0.4244610224121286
0.8103279021800214
0.7996922358809542
0.735854254197945
0.8071431059142364
0.9913017442637738
0.9488794470947575
1.0843887581067913
0.3012864757102867
0.3429419023644885
0.8597582055187952
0.7671441292524862
0.6437998721534463
0.7452717660849205
0.6608969132110958
0.5894634456827215
0.41560005710864406
0.7845688088222633
0.7506387064003426
0.7190036165336562
0.8131709568481061
0.9832786698409545
0.9468320111702649
1.0855531722962466
0.29475145235564004
0.3220325924314287
0.8353104680163667
0.7674454124913658
0.6476618379161944
0.7472649380308249
0.6588415738179932
0.5822740392691477
0.4066580704115562
0.7613132935413807
0.7020916515854964
0.6998995339094121
0.8191190061677321
0.9733987423487354
0.9438831813701709
1.086501423912733
0.2893215074784304
0.3043284594573763
0.8123992469520883
0.7680558398307535
0.6514356918086064
0.7493285466524364
0.6605328042459756
0.5766401391251866
0.39758570719655567
0.7403734504793129
0.6563437860074128
0.6811335768795609
0.8249553726973281
0.9618631963631519
0.9400280633584391
1.087222842368809
0.2849732052091894
0.2892398278499674
0.790941203597346
0.7690196241767738
0.6551119216334176
0.7514456243383236
0.6650597765298224
0.5723276201992901
0.38833576981166873
0.7215280232763082
0.614495963869536
0.6641582317022354
0.8306489352888137
0.9489180517865279
0.9352867719294629
1.0877053695109828
0.28168095530721204
0.2762977304579382
0.7708008593159787
0.7703761880051395
0.6586812704869692
0.7535973155604936
0.6713478467346601
0.5691243223053437
0.378867562542663
0.7045627883703771
0.5768829306186645
0.6496117183699762
0.8361695306510212
0.9348404385623132
0.9297029575575372
1.0879358554776952
0.2794176125581515
0.26514458246544714
0.7518326217339695
0.7721585306164445
0.662134191136408
0.7557629905402591
0.6787395373395091
0.5668469056086969
0.3691524983310693
0.6892847709475753
0.5434237062049199
0.6376400159092348
0.8414881976448224
0.9199235635140643
0.9233405884950088
1.0879004085797863
0.27815501225395356
0.25551860204272336
0.7338993428885172
0.7743915993517794
0.6654603042310772
0.7579204005769503
0.6868149372493554
0.5653445988797027
0.3591806215392798
0.6755249880421484
0.5138457986993195
0.6281265879768361
0.8465774709250131
0.9044619490942261
0.9162794067695904
1.0875848023661245
0.27786443864199994
0.24723826663312426
0.716879247395779
0.7770907090073326
0.6686478655971242
0.7600458762834464
0.695289769556519
0.5645009424637824
0.34896730980609014
0.6631366589825824
0.4878097177519611
0.6208332149770758
0.8514117251306015
0.8887383578177699
0.9086096283204279
1.0869749403292222
0.2785170183234275
0.2401887121638284
0.7006673756762231
0.7802600418535681
0.6716832554522162
0.7621145692941892
0.703966438119831
0.5642339109571517
0.33855903269734444
0.6519920466730296
0.4649708163420928
0.6154785952189785
0.8559675683349326
0.8730134010374835
0.9004264907850242
1.0860573750961684
0.28008401910267794
0.23430979480459038
0.6851746305514688
0.7838912560624558
0.6745505114378889
0.76410073716435
0.7127055240566199
0.5644943696265067
0.32803681534291684
0.6419792884223041
0.44500617417221877
0.6117789122300822
0.8602242797751346
0.8575183295625357
0.891825179534963
1.0848198744960669
0.2825370166474141
0.22958442073755714
0.6703259330227247
0.7879622386704748
0.677230937580331
0.7659780701353567
0.7214072356136724
0.5652626956839587
0.31751614792855515
0.6329997283279887
0.4276235796059998
0.6094668769752141
0.8641642815048833
0.8424510256578412
0.8828965198577632
1.083252021764687
0.2858478678837237
0.22602584228927397
0.6560581918731322
0.7924360616394313
0.6797028318355693
0.7677200571929286
0.7299985586676943
0.5665435434835538
0.30714259567424657
0.6249658782657888
0.41256212703013007
0.6082992531161189
0.8677736257407074
0.8279748399687948
0.8737236546201661
1.0813458316741509
0.2899884048591066
0.22366478553306327
0.6423183937259949
0.7972602324989683
0.6819413842837772
0.7693003873932146
0.73842398020015
0.5683590461766174
0.29708324238516964
0.6177999714588788
0.39958940445744184
0.6080585628782679
0.8710424683811535
0.8142196798842462
0.8643797697355191
1.0790963590350566
0.2949297423859011
0.22254007949078142
0.6290619270810729
0.8023663671081859
0.6839188040972585
0.7706933808110699
0.7466385693864772
0.5707410734775415
0.2875151046786121
0.6114330154308103
0.38849771650560005
0.6085520874555467
0.8739654830422104
0.8012846578901264
0.8549268077300878
1.0765022714345807
0.3006410873203949
0.2226950478540956
0.6162511636944065
0.8076704416230335
0.6856047332674918
0.7718744417283988
0.7546026751105855
0.5737233622864828
0.2786124395225064
0.6058042437510633
0.3791004444971301
0.6096098055878839
0.876542147308399
0.7892416245539146
0.8454150313287869
1.073566354948068
0.30708796044938813
0.22417671424806115
0.6038542815468951
0.8130737932559546
0.6869669955759805
0.7728205249146634
0.7622777833372864
0.5773343291940418
0.2705351460641622
0.6008608810952265
0.3712289593891789
0.6110821024540881
0.878776801758385
0.7781390051615278
0.8358832616538207
1.0702959205867022
0.31422980847824317
0.2270332297341373
0.5918442992914488
0.8184650247890038
0.6879727077160142
0.773510604168077
0.769623267024835
0.5815911815381672
0.2634201476180249
0.5965581606734743
0.36473016966271343
0.6128376428794885
0.8806783408195363
0.7680054954256013
0.8263596104219216
1.0667030809818996
0.3220171043173995
0.23130785806637463
0.5801982892753255
0.8237229182844922
0.6885897445880245
0.7739261308170636
0.7765938954960725
0.5864956573774516
0.25737688350299354
0.592859561091621
0.3594646378379657
0.6147615712542203
0.8822593417519908
0.7588533169010904
0.8168625415519662
1.062804871553712
0.3303882068752853
0.23703047325743792
0.5688967384463895
0.8287203760518106
0.6887885041152423
0.7740514687725436
0.7831380674455948
0.5920314502228105
0.25248713880065693
0.5897372590675009
0.3553051461272918
0.6167540814814595
0.88353437598136
0.7506808494668932
0.8074021249153366
1.058623198103985
0.33926645244351367
0.24420824338875669
0.5579230304790653
0.8333292862398048
0.6885438637034731
0.7738742921151238
0.7891967991038062
0.5981631833249891
0.24880867499715242
0.5871728252448785
0.3521355859438121
0.6187293417412726
0.8845171835685153
0.7434744794184678
0.7979813759657945
1.054184602872903
0.3485581255029535
0.2528170900357172
0.5472630268072186
0.8374260704927549
0.6878371698458317
0.773385931221135
0.794703537682956
0.6048367100525125
0.2463816429329675
0.5851582242953909
0.3498500618580217
0.6206147324129602
0.8852163459151132
0.7372092816998002
0.7885976046701435
1.0495198527517928
0.35815203154328673
0.26279534198682686
0.5369047282816488
0.840897535316781
0.6866580661982984
0.7725816541719774
0.7995848783540516
0.6119805095040594
0.24523654288592828
0.5836972205949407
0.3483521243247997
0.6223503456685643
0.8856291004962145
0.7318474706987393
0.7792437227703211
1.0446633652788604
0.36792129296949844
0.2740407866411097
0.5268380026472385
0.8436465462334545
0.6850059555272825
0.7714608716866794
0.8037622387014325
0.6195079805811239
0.2454024273439889
0.5828073414430875
0.34755406978522113
0.6238886936360137
0.8857330640648229
0.7273325712133554
0.7699094788410412
1.0396524990267588
0.3777276747752293
0.28641193554778044
0.5170543659194272
0.8455970025019373
0.6828909152286631
0.7700272560499278
0.8071544881526147
0.6273204766717889
0.24691408734561338
0.5825226171316624
0.34737626798436577
0.6251945740826778
0.8854759482113975
0.7235779944056651
0.760582605817615
1.034526743829052
0.3874282579023899
0.29973371436660307
0.5075468080749928
0.8466976284230926
0.6803339452071426
0.7682887673830185
0.8096814460891661
0.6353109432520994
0.24981750576951992
0.5828974090106551
0.3477464931085986
0.6262450458061921
0.8847639465387318
0.7204543178322333
0.7512498761764863
1.0293268521971086
0.39688373784218195
0.31380704235028445
0.4983096553305675
0.8469242163104501
0.6773665121362931
0.7662575839661965
0.8112680619176773
0.6433680131055712
0.25417480664875713
0.5840117621596715
0.3485992474584297
0.6270294689518702
0.8834503844813739
0.7177852818239251
0.7418980664968907
1.024093955947588
0.40596720548591747
0.3284210494636518
0.48933846273946524
0.8462801377135776
0.6740294486037781
0.7639499369548219
0.8118489898345362
0.6513803810608038
0.2600733154382313
0.5859788860867523
0.3498750743498322
0.6275495674965988
0.8813273676185572
0.7153568640282969
0.7325148364527213
1.0188687117468962
0.41457211509465564
0.343366142741519
0.48062993196298487
0.8447951490580734
0.670371347557971
0.7613858534896578
0.8113731906240427
0.6592412315434331
0.2676450015612974
0.5889555726827533
0.3515198615796834
0.6278194716648762
0.878124251037683
0.7129338708544279
0.7230895279857454
1.0136905167460235
0.42261831603024597
0.3584457805232649
0.47218184992419676
0.8425227145418911
0.6664466382369916
0.7585888156239522
0.8098081527997877
0.6668524389034034
0.27709927982367033
0.5931565683844756
0.3534841389769967
0.627865696856068
0.8735172412810596
0.7102786225234021
0.7136138889276886
1.0085968319029774
0.4300554564606291
0.3734844855246007
0.4639930446782685
0.8395362168076806
0.6623135142141743
0.7555853454367893
0.8071433414046894
0.6741282102929551
0.2887679558868604
0.598873990432375
0.35572237408538826
0.6277270128855222
0.8671536325711325
0.7071707158053044
0.7040827219893997
1.0036226474828136
0.4368636083726837
0.38832977170498656
0.4560633552700636
0.8359245027487069
0.658031786404525
0.7524045289805974
0.8033925631450621
0.6809977959781293
0.3031622433970609
0.6065024140445376
0.3581922695502453
0.6274541536452332
0.8586915007810938
0.7034274069570352
0.6944944553275045
0.9988001244932081
0.44305144865878926
0.4028489302396937
0.4483936126277369
0.831787214195242
0.6536606070743992
0.749077493200317
0.7985950859916022
0.6874068548219988
0.32104608951195435
0.616568183082721
0.3608540648403092
0.6271093141554199
0.8478511863202274
0.6989221261433034
0.6848516263035512
0.9941584501255233
0.44865264660490645
0.4169279502829587
0.4409856286812195
0.8272302937525796
0.6492561474085183
0.745636850627871
0.792815599821911
0.6933170635020621
0.3435302942441975
0.6297550613080116
0.36366984392599977
0.6267653819339484
0.8344697410695603
0.6935970984796054
0.6751612694711473
0.9897239590883575
0.4537212196388821
0.4304771199308638
0.4338421909203939
0.822361957188213
0.6448698936286442
0.7421161265612014
0.7861437015238397
0.6987037108449339
0.37217954028175304
0.6469007541736861
0.36660284980335606
0.626504856088554
0.818545918399745
0.6874664613984571
0.6654352109152292
0.9855206047646466
0.4583265607934701
0.44343676199409493
0.4269670595254041
0.6405482246115918
0.7385491827192422
0.7786985900592147
0.703551542706728
0.4090799685238405
0.6688943569100558
0.3696168066261325
0.6264184241963557
0.800263605086689
0.6806086954772226
0.6556903023625145
0.9815709328852358
0.4625486813131466
0.4557772583093732
0.4203649640453698
0.8172893102842467
0.6363327871372878
0.7349696502351984
0.7706101971592965
0.707850108578019
0.45669017674816226
0.6963034156694049
0.37267525109913224
0.626603195893629
0.7799867156641692
0.6731505093454434
0.6459486756846764
0.9778978534269579
0.46647401906353025
0.46749471911966234
0.4140415963691222
0.8121156809429955
0.6322607839601955
0.7314103835418289
0.7619691970243894
0.7115907021011705
0.5170168477189094
0.728380533152819
0.3757408773062194
0.6271606311751524
0.7582268249905294
0.6652468013377846
0.6362381256089599
0.9745277628495173
0.47019198728186623
0.47860530456638684
0.408003596463119
0.8069386503770234
0.6283649726073959
0.7279029454434629
0.7528937505295338
0.7147664408606389
0.5892866709236546
0.7610252489257961
0.37877490429991184
0.6281942423762634
0.7355926157928638
0.6570617286085152
0.6265926822650632
0.9714955521554025
0.4737923037043173
0.48913982466291384
0.4022585270683725
0.8018487066067166
0.6246735689426037
0.7244771326372399
0.7435127961697483
0.7173749605981125
0.6658341463424237
0.7842896452545393
0.38173648527550047
0.6298071771136873
0.7127342241531074
0.6487543463645471
0.6170533156974678
0.968847240462821
0.4773630525007698
0.49913917012971176
0.3968148332930837
0.7969284092284818
0.6212102058661954
0.7211605502308471
0.7339576957246999
0.7194215527638446
0.7299507591153693
0.7835965652266477
0.38458219395037274
0.6320997880172107
0.6902946817457085
0.6404699171648772
0.6076686116244935
0.9666134438617466
0.4809893843822419
0.5086506688172228
0.39168178286389066
0.7922519425978444
0.6179939937966337
0.7179782433869598
0.7243573409679884
0.7209208756321085
0.7640938306547848
0.7500532215417666
0.3872656530410301
0.6351672511537683
0.668876298787059
0.632336098647345
0.5984952561927095
0.9647544608759073
0.48475274283469677
0.5177252985671017
0.38686938277537025
0.7878849395507067
0.7149523939707397
0.7148345171959001
0.7218967625935999
0.7649145334899495
0.6912336467634198
0.38973742059063504
0.6390972063818763
0.6490245744465779
0.6244623728053234
0.5895982453509397
0.963185398766065
0.48873050583647804
0.5264156351758583
0.382388268291563
0.7838844738112748
0.6150396793417776
0.7121020897562654
0.7055031361369848
0.7223806515795885
0.7442781439063436
0.6251256709952989
0.3919453385722726
0.6439672688150699
0.6312281297297224
0.6169411270059421
0.5810508099870414
0.9618309962144076
0.4929959439812064
0.5347744048067762
0.37824956082187366
0.7802991412859133
0.6123578831957521
0.7094431730788258
0.6964662066006586
0.7224093858082156
0.7163018345592453
0.5658612688904533
0.39383570382694105
0.6498421169640917
0.6159309651940935
0.6098492736187754
0.5729340765928992
0.9606345421835268
0.49761841167575566
0.5428535184328166
0.3744646922596416
0.7771691746030375
0.6099553959410627
0.7069881745324655
0.6878144670884737
0.7220229512051495
0.6893945212906636
0.5190680075715951
0.3953558968918312
0.6567697150556522
0.6035524336918257
0.603249812418411
0.5653364729007275
0.9595524918496172
0.5026637043640244
0.550703481204011
0.371045195145998
0.7745265586244838
0.6078355119961881
0.7047463352176202
0.6796256155522702
0.7212624648681033
0.6666780155632224
0.4850243451416572
0.39645959646451134
0.664776085504982
0.5945086981211875
0.5971931143884338
0.5583528625351297
0.9585502147893872
0.508194529587215
0.5583730870300787
0.36800246083406113
0.7723951351800845
0.6059983846286989
0.7027237181024203
0.6719640698854118
0.7201685438901592
0.648561844270115
0.4622884174047746
0.3971165945457468
0.6738579241676181
0.5892229913180685
0.5917179127219766
0.5520833689256844
0.9575995304487769
0.5142710522666258
0.5659093256305696
0.3653474723182497
0.7707907015939751
0.6044413879863766
0.7009234053868235
0.6648811873199157
0.7187800755984302
0.6344713039289607
0.44919125862328485
0.39733083945640607
0.6839722711247496
0.5880958015628033
0.5868520716491732
0.5466318345981644
0.9566772355459717
0.5209514846358204
0.5733574446013974
0.36309052605145437
0.7697211189097957
0.6031594752152691
0.6993457746801027
0.6584158649145122
0.7171333560001871
0.62362499203395
0.4436120568275631
0.39717327768267874
0.6950224725712096
0.5913952204929674
0.5826132198456044
0.5421038615521742
0.9557641274739774
0.5282926988029903
0.5807611221918603
0.36124097200692123
0.769186451874234
0.6021455247434289
0.6979888427027876
0.6525954386919475
0.7152615408379983
0.6153089017541896
0.4442828597977067
0.39684140071865137
0.7068399136660721
0.5990920310269849
0.5790093212421492
0.5386043937309326
0.9548442646214119
0.5363508451314823
0.5881627174079275
0.3598070366623842
0.769179164072739
0.6013906695513012
0.696848661596874
0.6474367971936115
0.7131943484474481
0.6089433345936099
0.4508459902456732
0.3967659217074935
0.7191616726683681
0.610787599530319
0.5760392338291982
0.536234832492502
0.9539043287028952
0.5451819626051765
0.5956035729076247
0.3587958989668044
0.7696843889725351
0.6008846065853458
0.6959197502068618
0.6429476272302741
0.7109579569831977
0.6040780215816836
0.46363452323164916
0.39777813253013516
0.7316056430256183
0.6258006385777755
0.5736932867401264
0.5350897150304152
0.9529330228390478
0.554842568116416
0.6031243531790337
0.3582145449938503
0.7706802922115699
0.60061588535772
0.6951955411753128
0.6391277157113194
0.7085750457609494
0.6003682357963127
0.48361891662641987
0.4011543504476283
0.7436471316010731
0.6432762695730632
0.5719538915766148
0.5352530256058368
0.9519204842479467
0.5653902100592442
0.610765405972787
0.3580712040053371
0.7721385335734565
0.6005721761441067
0.6946688245921545
0.6359702412062247
0.7060649388708643
0.5975500709853311
0.5123538755125395
0.40817934659797533
0.7546046353144797
0.662222924423857
0.570796196836377
0.5367942444253014
0.9508577260126798
0.5768839674185657
0.6185671391644548
0.35835974037174595
0.7740248298891517
0.6007405191164921
0.6943321702130397
0.6334630013411534
0.7034438175172291
0.5954199749874528
0.5517190130685823
0.41994314151909096
0.7636469415346505
0.6815068278864672
0.5701887940919464
0.539764270945997
0.9497361529521544
0.5893848681695668
0.6265704083884143
0.35905053329536796
0.7762996134742965
0.6011075562323807
0.631589535943879
0.7007249750784516
0.5938191176670066
0.603089932393022
0.4371590405663268
0.7698370205134892
0.6998591343152718
0.5700944892587735
0.54419139676315
0.9485472209291823
0.6029561893736176
0.6348169131138273
0.36011916469105565
0.7789187751463981
0.6016597478256865
0.6941783127789208
0.6303301196753086
0.6979190954035271
0.592621856626313
0.6655437287446195
0.4592832303691514
0.7722266092279081
0.7159330210005104
0.570471157709251
0.550077557499586
0.947282321824687
0.6176635846011238
0.6433496004845034
0.3615472354740761
0.7818344765132863
0.6023835756642245
0.6942004884241331
0.6296626105714584
0.6950345403217264
0.5917273532216412
0.7335219964820098
0.4835367239870925
0.7700042043290816
0.7284273574490291
0.5712727020776878
0.5573951625623136
0.9459329702939607
0.6335749603986136
0.6522130773361436
0.363318465368886
0.7849960129957595
0.6032657338163824
0.6943927141699562
0.6295631516489932
0.6920776368124321
0.5910535148322474
0.7965153204202782
0.5053611147297975
0.7626765852886281
0.7362667526059488
0.5724501206509001
0.5660848695459965
0.9444913354566363
0.6507599899030623
0.6614540314113461
0.3654170932310728
0.7883507067550632
0.6042933080673681
0.6947500066250986
0.6300067310678661
0.689052957888337
0.5905326276730724
0.8436805435950165
0.5212133184910163
0.7502369318156221
0.7387927954724818
0.5739526708215139
0.5760547062771386
0.9429510958837435
0.6692891049223735
0.6711216629425786
0.3678271416843193
0.7918448071741362
0.6054539439006043
0.6952685398204546
0.6309676122127026
0.6859635941364193
0.5901082139579732
0.8703793503076834
0.5311191032081992
0.7332584309510713
0.7358931538565223
0.5757290820510268
0.5871809144746065
0.9413085010765246
0.6892317432500852
0.681268127433849
0.3705320486705901
0.7954243757204524
0.6067360022724111
0.6959457452124191
0.632419648632321
0.6828114151898588
0.5897327794936524
0.8794547345360968
0.537854788776975
0.7128684682328298
0.7280066107334805
0.5777287478449267
0.5993107717624874
0.939563407693935
0.7106535397893959
0.6919489895257422
0.3735144978417746
0.7990361319395498
0.6081287016185384
0.696780359026273
0.6343365004222076
0.6795973223185772
0.5893662152578601
0.8770888269550753
0.5444128735423914
0.6906042333634149
0.7160061392646575
0.5799028175577261
0.6122674434343724
0.9377199442562142
0.7336120311433246
0.7032236860227136
0.3767563753827656
0.8026282381151173
0.6096222437996497
0.6977724231472107
0.6366917687771653
0.676321494967581
0.5889746866992276
0.8688475756622112
0.5527500600923938
0.668200193094872
0.7010152507175761
0.5822051202212599
0.6258566511139169
0.9357863707786922
0.7581502859879178
0.7151559929988661
0.38023881220896966
0.8061510019240814
0.6112079210822463
0.6989232457287002
0.6394590645234142
0.6729836355772282
0.5885298948392953
0.8583438398846411
0.563952618327248
0.6473800485669459
0.6842134849020514
0.5845928786514746
0.6398746760185083
0.9337736678245676
0.7842876712140034
0.7278144864373515
0.38394228060120467
0.8095574793066851
0.6128782008162343
0.7002353267323183
0.6426120248629247
0.6695832185243142
0.5880086298513423
0.8474882209615135
0.5787611316485526
0.6297105289996617
0.6666758033491449
0.5870272024970125
0.6541170032674857
0.9316924367109372
0.8120067150256514
0.7412729762896267
0.3878467166202044
0.8128039637447861
0.6146267842547157
0.7017122519891005
0.6461242906516829
0.6661197506741118
0.5873925653420294
0.8370950988232897
0.5979231517795687
0.616537926037642
0.6492738180591902
0.5894733744155471
0.6683868131459906
0.9295478377318611
0.8412347446241325
0.7556108766694507
0.39193163973369793
0.8158503530512842
0.6164486359860901
0.703358557343891
0.6499694545583254
0.6625930529923765
0.5866682636773339
0.8273618677311305
0.6223552903013091
0.608993304827721
0.6326410022175435
0.5919009596148029
0.6825025595492364
0.9273325559664878
0.8718186977665849
0.7709134432759848
0.39617624276764274
0.8186603903187862
0.6183399806998882
0.7051795622485926
0.6541209885841653
0.6590035751415815
0.5858273821142899
0.8181620723880122
0.6532004023754634
0.6080267984296921
0.6171853663762784
0.5942837755500241
0.6963040332601634
0.925018198448285
0.9034913286746208
0.7872717496113691
0.4005594321238048
0.8212017814873871
0.6202982644252281
0.7071811699491407
0.6585521577983973
0.6553527582305949
0.5848670881489537
0.8092071692072121
0.6917566668712448
0.614400802971916
0.6031280237660104
0.5965997581310976
0.709656546350566
0.9225461538772387
0.9358271389963616
0.8047821597275598
0.4050598130886164
0.823446197600655
0.6223220778462691
0.7093696292025412
0.651643465265219
0.5837907113991194
0.8001333836506199
0.7391213685359923
0.6285056907246183
0.5905500044647342
0.5988307563979451
0.7224531372584918
0.9198198746432008
0.9681871044438516
0.8235448361792618
0.4096556377850457
0.8253691748141441
0.624411039627081
0.7117512501759009
0.6632359258231513
0.647880504859459
0.5826086787124608
0.7905507611630783
0.7952675124367377
0.6497600109582159
0.5794364175902736
0.6009622816867378
0.7346149307582381
0.9167018411668432
0.9996531881031672
0.8436604027265929
0.4143247573103498
0.8269499292267062
0.6265656376117059
0.7143320646097389
0.6681448566223382
0.644071282152668
0.5813397990150321
0.7800753990956878
0.8574017473156829
0.6754205307191239
0.5697129267455512
0.6029832313526704
0.7460899568336465
0.913020066107806
1.0289575162538165
0.8652230973561528
0.4190446318277126
0.8281711063762801
0.6287870249703037
0.7171174171409653
0.6732510165086953
0.6402266227399018
0.5800129857270386
0.7683555893870493
0.9185198310503235
0.6994625331043358
0.5612733365590762
0.6048856018849558
0.7568508233387803
0.9085904186066609
1.0544178649677576
0.8883073536992399
0.42379244081385226
0.8290184866645449
0.6310767664273702
0.7201114704159401
0.6785258799653875
0.6363618324601531
0.5786695307775286
0.7550963836981898
0.9689157822187275
0.7138275524250154
0.5539990818623648
0.6066642019950261
0.7668916548957481
0.9032610688612228
1.0739014995913094
0.9129424752905967
0.4285453012104353
0.829480668074118
0.6334365261332067
0.7233166006745073
0.6839402428468873
0.6324980807759901
0.5773660815619753
0.7400832512911849
1.0018946664925188
0.7133175104188291
0.5477721713642926
0.6083163729613356
0.7762246728023012
0.8969817973793204
1.0848533219731433
0.9390669825893737
0.43328056143608895
0.8295487464618715
0.6358676829263915
0.7267326520733407
0.6894641467318932
0.6286642325565114
0.5761785290998734
0.723203195464784
1.0181386203261296
0.6994630789277325
0.5424832207465345
0.6098417210332664
0.7848767202455185
0.8898915508293239
1.0844398734316834
0.9664516507423739
0.437976115991872
0.8292160116845044
0.6383708499606993
0.7303560061594607
0.6950668185922637
0.6248993095781129
0.5752071029225746
0.7044606838045758
1.0233287019621773
0.678328485603493
0.5380359922753177
0.6112418648719506
0.7928859543985763
0.8824042305950985
1.069873403165538
0.994582533085812
0.4426106879680693
0.8284776751188424
0.6409452630687635
0.734178406397324
0.7007166304510519
0.6212558514233021
0.5745831016641593
0.6839860182384552
1.0231227008786759
0.6557571392472822
0.5343495513732333
0.6125201996725131
0.8002988472727275
0.8752652176660469
1.0389807067089758
1.0225111231425132
0.4471640475704444
0.8273306410732983
0.6435879847919819
0.73818545508554
0.7063810842560102
0.6178045876598862
0.574477896614808
0.6620352288877366
1.02087450598864
0.6351681137624574
0.5313588560626251
0.6136816786481015
0.8071675696176768
0.8693782141354242
0.9910509939987087
1.0487185097974359
0.45161715947972964
0.8257733314252771
0.646292847613952
0.742354669887777
0.7120268277094749
0.6146410685466182
0.5751151867248309
0.6389828977195531
1.0179281058181664
0.6178641704397133
0.5290143500344273
0.6147326118520374
0.8135477805085606
0.8646298658223367
0.9279009832338048
1.0711011381353706
0.4559522702771111
0.8238055697956022
0.6490490296073279
0.7466529483575084
0.7176197071818223
0.6118952978235842
0.5767880801102973
0.6153120440905111
1.014543596020316
0.6039745415590174
0.5272809395647141
0.6156804817967172
0.8194968095622766
0.8601101451984461
0.8548993112503149
1.087223854143801
0.4601529565615951
0.8214285288716626
0.6518391181229641
0.7510332412286674
0.7231248639969352
0.6097460589562995
0.5798836917443673
0.5916080674239087
1.0105711683127891
0.5931450796274059
0.526136589918265
0.6165337749410071
0.8250721968558361
0.8553949695878081
0.7814398520360477
1.0949082050085772
0.46420415672768534
0.8186447422406526
0.6546364738779763
0.7554301818448057
0.728506880215843
0.6084424567419726
0.5849201488942684
0.5685671796395159
1.0057955393679123
0.5848957431943522
0.5255706648620858
0.6173018278242778
0.8303305445354494
0.850434558436345
0.7201936409528826
1.0929798913213937
0.4680922078435574
0.8154581803718772
0.6574016647601504
0.7597543694954707
0.7337299794637483
0.608334685083971
0.5926054119203994
0.5470356773901744
1.00007369420661
0.5787709188846532
0.5255820400610561
0.6179946864069825
0.8353266307064386
0.8453186990377365
0.6841878415053007
1.0817554462503713
0.4718049061738933
0.811874389222316
0.6600777108172233
0.7638849815474236
0.7387582872616543
0.6099056231836298
0.6039367216333855
0.5281097263684877
0.9933702808118028
0.5743879178673252
0.5261769379447928
0.6186229770223546
0.8401127377747157
0.8401396087576932
0.680295457692404
1.062927322004261
0.475331607071007
0.8079006893338182
0.6625839014191509
0.7676604408955976
0.7435561536749845
0.6137591581230967
0.6203787454489256
0.5133576636260627
0.9857497595324585
0.5714415316781756
0.5273663595865248
0.6191977872596557
0.8447381518454284
0.8349183730784814
0.7036093102139167
1.0389306870049546
0.478663377867638
0.8035464332207607
0.6648080746908186
0.7708670819845929
0.7480885388494937
0.6205293031590341
0.6441944593097472
0.5053021819566893
0.9773541987302011
0.5696919985150545
0.5291629540462209
0.6197305550917619
0.8492487955354686
0.8295792152103432
0.7428454599748979
1.0122098415982976
0.48179321627953897
0.7988233192844751
0.6665975967979021
0.7732262964706939
0.7523214591868254
0.6308335228705729
0.6790439930099214
0.5084345403257587
0.9683795447993966
0.5689489319715867
0.5315772324593633
0.6202329646458258
0.853686962601732
0.8239578125330662
0.7884709385247894
0.9847377192005653
0.4847163467427169
0.7937457614090309
0.6677500117151328
0.7743817357152561
0.7562224885947237
0.6453414850493934
0.7308049709635234
0.5310216554453626
0.959055321033736
0.569057427858783
0.5346132925615936
0.6207168472058271
0.858091128508258
0.8178298813203202
0.8345494497680113
0.9578643946078644
0.48743060814213535
0.7883313147827237
0.6680056564050384
0.7738900912855972
0.759761305569111
0.6648286274869819
0.8065367698686737
0.5865406489674736
0.9496290233524751
0.5698891343022776
0.5382646826959688
0.6211940863354254
0.8624958161317482
0.8109483150885877
0.8777717212068022
0.9323846770941804
0.48993694868860993
0.782601160370027
0.6670465824527768
0.771221949243612
0.7629102730357173
0.6901503458654585
0.8973206769190131
0.6831565230797124
0.9403548659480231
0.5713380913840965
0.5425114679744932
0.6216765264096957
0.8669315001204496
0.8030801913445009
0.9164083085634487
0.9086903991996323
0.4922400475505217
0.7765806528910578
0.6645086419543187
0.7657828673611489
0.7656450341642069
0.7221140886339952
0.9258697698223264
0.7683964740007121
0.9314859316925523
0.573319165721303
0.5473194996566535
0.6221758843194499
0.871424536988424
0.7940377827643964
0.9496393894951706
0.8869223891576044
0.4943490887015746
0.7702999402489158
0.6600153918950202
0.7569674869925299
0.7679451040802737
0.7611734619896928
0.841681611292238
0.7662360981200481
0.9232686748451295
0.5757668715653702
0.5526421118335709
0.6227036646183859
0.8759971109344633
0.7837000204903973
0.9771776038897775
0.8670864909754158
0.4962787209700754
0.7637946661993579
0.6532408663110093
0.7442573783070309
0.7697944348706396
0.8068080826979576
0.7607588970155903
0.7366729975001954
0.9159388421147622
0.5786335461107411
0.5584234637761887
0.6232710788644202
0.8806671877471839
0.7720228416485257
0.9990649234245814
0.8491278823797119
0.49805025038924294
0.7571067726940865
0.6439995726254515
0.7273611176527871
0.7711819298173767
0.8564610524098606
0.7376356455265265
0.7254248244408208
0.9097180860262992
0.5818868724067019
0.5646022861664011
0.6238889703021316
0.8854484711302193
0.7590386714437184
1.0155614178725056
0.8329721595842441
0.49969312785892084
0.7502854233022184
0.632344779619427
0.7063703085882888
0.7721018826708831
0.9041968421928441
0.7597285172840258
0.7305174145732961
0.9048107548862807
0.585507120597919
0.5711150727300145
0.6245677452910215
0.8903503574850945
0.7448468652281003
1.0270779616858396
0.818545478119832
0.5012468183470569
0.7433880725080084
0.6186367103020319
0.6818764223459686
0.7725543191435393
0.9401333217548629
0.8071396921559786
0.7444546560482009
0.9014004313823754
0.589484437166059
0.5778983460950673
0.6253173129708373
0.895377886741271
0.7295980259943463
1.0341280110471405
0.8057839365848805
0.5027631691429238
0.7364817014714847
0.6035371489276743
0.6549841329999907
0.7725452207222636
0.9527485883939624
0.8608837336640017
0.7622921698442813
0.8996454119835328
0.5938163586226156
0.5848900677667175
0.6261470345690345
0.9005316883225881
0.7134755164444204
1.0372875185967882
0.7946385524671594
0.5043094358057735
0.7296442123587941
0.5879114536782863
0.6271922798108129
0.7720866152599423
0.9347991574630357
0.9047978003704664
0.7810129329331623
0.8996705568914523
0.5985056028553429
0.5920304373063562
0.6270656835108971
0.9058079228684806
0.6966771980056872
1.0371596213843655
0.7850790939786456
0.505972176547867
0.7229658787694088
0.5726658385833434
0.6001793566656973
0.7711965243723959
0.8884866322280198
0.9301323719928534
0.7987014940675258
0.9015486504172643
0.6035581234708204
0.5992623259904999
0.628081417138189
0.9111982219511578
0.6793996545597626
1.0343441655813346
0.77709826399052
0.5078622874979667
0.7165504971912529
0.558583787476093
0.5753793962696802
0.7698987640718424
0.82403175796473
0.9371497922101069
0.8141619089383799
0.9052625580604046
0.608981385707936
0.6065315262629236
0.6292017604194482
0.9166896297971052
0.6618261944808452
1.0294130873356477
0.7707169204743233
0.5101215143437328
0.7105153230646644
0.5462214903597794
0.5532823760990986
0.7682226018554716
0.7532747778183843
0.9314353029654644
0.826694670370414
0.9106623490450448
0.6147828190973249
0.6137869311124651
0.6304336015903805
0.9222645529628923
0.6441190337285828
1.022892370460301
0.7659906694616583
0.5129308146470657
0.704987954018841
0.5358843133260711
0.5338445592387593
0.7662022801433213
0.6848105255343484
0.9191602095919249
0.8357810721445932
0.9174700082478197
0.6209684099166923
0.62098070666678
0.631783199227147
0.9279007260575164
0.6264154002870338
1.0152505720237277
0.7630178924228781
0.5165208930292489
0.7000977585878505
0.5276663920124914
0.5169291123150166
0.7638764220399207
0.6230618281913582
0.9047454486466009
0.8410157543664688
0.9253438926448165
0.6275414087540708
0.6280684873160884
0.6332561998472572
0.9335712039507138
0.608826910234463
1.0068932238811636
0.7619487178090124
0.5211849283686398
0.6959614922212222
0.521516918227292
0.5023235858576551
0.761287340468185
0.5694678367677073
0.8906760930314729
0.8423158035766749
0.9339420145689601
0.6345011414343749
0.6350096007744493
0.6348576647602119
0.9392443934467196
0.591441415823269
0.9981619873646972
0.7629931223899745
0.527292592705741
0.6926685531937262
0.5172995919229573
0.4897651789160688
0.758480275481128
0.5238783573479846
0.8780937261412645
0.8399181915543746
0.9429507360935547
0.641841923196455
0.6417673159103539
0.6365921045591562
0.9448841401084095
0.5743265480495598
0.9893372868592256
0.7664233491190888
0.5353021295385612
0.6902746317692334
0.5148256281540986
0.4789763352266369
0.7555025868262546
0.4854864980899388
0.8673832002408242
0.8342580095947211
0.952091472024569
0.649552085314616
0.6483090955459304
0.6384635193635879
0.9504498887305864
0.5575342973478881
0.9806432126432023
0.7725594285619724
0.54576188863639
0.6888060073667768
0.5138612519916879
0.46969181133537136
0.7524029295845557
0.4533183911925457
0.8585551544295978
0.8258574541845073
0.9611205242446873
0.6576131300150068
0.6546068277885821
0.6404754427069077
0.9558969387715901
0.5411061360221686
0.9722536752257198
0.7817137605528559
0.5592813675138789
0.6882682713256092
0.5141332436981078
0.461674321528213
0.7492304400243062
0.42644946372167536
0.8514542844974822
0.8152465417845839
0.9698279263148819
0.6659990337686763
0.6606370016345606
0.6426309868315438
0.9611768187041867
0.5250783434954064
0.9642990341862255
0.7940476536516876
0.5764306345464706
0.6886533090095466
0.5153558430467055
0.454721151495475
0.746033956896342
0.4040807629076334
0.8458613938143543
0.8029135378790769
0.9780364979998841
0.6746757214535504
0.6663807860095619
0.6449328871300913
0.966237805462896
0.5094873266450097
0.9568726603420535
0.8092613027643851
0.5974967149597593
0.6899429999699759
0.5172697562008325
0.44866496144286266
0.7428613005146668
0.38555200296135084
0.8415401386639036
0.7892791095787197
0.9856009757492035
0.6836007351919274
0.6718239666816622
0.647383543570458
0.9710256165268611
0.4943748210042079
0.9500370915063036
0.82603250772193
0.6220137161505298
0.6921106954090109
0.5196669688800697
0.4433713862891085
0.73975862840245
0.3703295913006808
0.8382578543523095
0.7746872857508575
0.9924068808827529
0.6927231224481064
0.6769566953053876
0.6499850571720447
0.9754843020244907
0.479792909493314
0.9438295982549144
0.8412625850432698
0.6480951396481264
0.6951217449167618
0.5223935588205852
0.43873516658116885
0.7367698823195
0.3579870697939233
0.8357952043854244
0.7594069219928163
0.9983688526234298
0.7019835683903151
0.6817730124477613
0.6527392599497592
0.9795573615807903
0.4658087992741584
0.9382670876304128
0.8496923666373589
0.6720125315855507
0.6989338435154495
0.5253398823192736
0.4346758082736108
0.7339363373594662
0.3481852233610035
0.8339512418473323
0.7436388008562315
1.0034282609292497
0.7113147973105887
0.6862701257989354
0.6556477371886696
0.9831891039869763
0.4525092435895196
0.9333503460324484
0.84512707980422
0.6890290187618784
0.7034975477398507
0.5284279940190845
0.43113326143678876
0.731296259680816
0.8325464614630324
0.7275251141446217
1.0075499589767754
0.7206422664263898
0.6904474584279021
0.6587118414161184
0.9863262551109239
0.44000435315113884
0.9290676660737163
0.8238158698501339
0.6959462898997801
0.7087570726463525
0.5316009655494637
0.4280638354651135
0.7288846753946142
0.3406544479120976
0.8314246722044286
0.7111595215460145
1.0107180159291294
0.7298851718746833
0.6943055283121002
0.6619326979546885
0.9889197981288311
0.4284302373318775
0.9253979241390183
0.7874428447811325
0.6933761619669939
0.714651366071198
0.5348152224988411
0.42543654539335163
0.7267332491410414
0.3351799711267116
0.8304538834043987
0.6945971876468141
1.0129301711803864
0.7389577804557398
0.6978447710284723
0.6653112024210507
0.9909269970473503
0.41794937371412083
0.9223131826962856
0.7421708626474028
0.6850416782526125
0.7211154037346598
0.5380356052524794
0.4232302443466577
0.724870266785813
0.33158974551080506
0.8295262496956518
0.677865300520722
1.014190547250374
0.7477710912811621
0.7010644572521643
0.668848010940885
0.9923135066735649
0.40874722523233903
0.9197808895495007
0.6947842321320039
0.6750284638092922
0.7280816273317345
0.5412325158901944
0.42143191531140706
0.7233207121277436
0.32974459876329776
0.8285571517135428
0.6609758686036518
1.0144998091180268
0.7562348189399065
0.7039618686250697
0.6725435241479547
0.9930554082550126
0.40102521232792154
0.9177657391957144
0.6499282445381118
0.6659612370552792
0.7354814427890035
0.5443805472291794
0.4200360448688634
0.7221064220067964
0.32953021547816097
0.8274835583753881
0.6439445949122118
1.0138414007326524
0.7642596745686717
0.7065318698860547
0.6763978662093286
0.9931409324049904
0.3949940812268248
0.9162312520730977
0.6097555845753854
0.6588962828381113
0.743246700514223
0.5474581138668234
0.4190444404962652
0.7212462969587208
0.3308505933516649
0.8262618660608346
0.6268232417709796
1.0121616516332597
0.7717599041277677
0.7087669565875628
0.6804108601665662
0.9925715494939134
0.39087077617241184
0.9151411176279484
0.574746605112668
0.6539396036302634
0.7513110900774782
0.5504477254117136
0.41846585479688453
0.7207565345855377
0.3336227022767867
0.8248654252820404
0.6097597109112524
1.009340418978717
0.7786560253018695
0.7106577845028142
0.6845820008159188
0.9913620437795346
0.3888746334021153
0.9144603378911575
0.5445585880189602
0.650803983748406
0.759611395939247
0.5533366373002259
0.41831523410841426
0.7206508390687392
0.3377721480980573
0.8232819504935838
0.5931125952153687
1.0051478563258323
0.784877686881633
0.7121941212596238
0.6889104261891358
0.9895391769602704
0.3892174907447391
0.9141562001011243
0.5185568651096762
0.649118509718139
0.7680885766872297
0.5561176849431101
0.4186127414443601
0.7209405424031099
0.3432296940684513
0.8215109743867236
0.5776677040570463
0.9991834855605239
0.7903665582505145
0.7133661180297453
0.6933948884677041
0.9871386377986491
0.3920870456002851
0.914199099633457
0.4960743876534952
0.6485553922309595
0.7766886461688878
0.5587901575471291
0.4193827458652335
0.7216345530292706
0.34992852180337586
0.8195614655292807
0.5650275544556834
0.9908012636053518
0.7950791425362749
0.7141657823143626
0.6980337248929251
0.9842002152492069
0.39762560234600525
0.9145632270159993
0.4765131506089663
0.6488627063641748
0.7853633496173116
0.5613606037965159
0.42065288503072384
0.7227390332823597
0.35780212548443235
0.8174496861584752
0.5582182181983371
0.9790523651261824
0.7989893958340166
0.7145885357192486
0.7028248289490052
0.9807615437563386
0.4059071936434504
0.9152271226338539
0.4593687261908383
0.6498592865615678
0.7940706403978973
0.5638434866020362
0.422453227905702
0.7242567157254085
0.3667827368765982
0.8151973305503676
0.5622345822278615
0.9627495320699244
0.8020910276164481
0.7146347537822807
0.7077656218150365
0.9768513030603639
0.4169167230992077
0.9161740849699866
0.4442243055445636
0.6514191633436711
0.8027749727334779
0.5662616214623488
0.4248155219244458
0.726185826769676
0.376800182700915
0.8128299559666993
0.5830667701373138
0.9408734766995309
0.8043993557687652
0.7143112009159576
0.7128530238193348
0.9724832588554218
0.43053523709640806
0.9173923840843508
0.43073905951599395
0.6534562602307165
0.8114474323977878
0.568646345385198
0.42777249311953935
0.7285187156583757
0.3877810853648712
0.8103756979352181
0.6231349050385382
0.9135461125466318
0.8059525972028839
0.7136322883642032
0.7180834253939311
0.9676527589702173
0.4465350827847486
0.9188751678790135
0.4186395019774033
0.6559123234419175
0.8200657308705086
0.5710373734538621
0.43135716519767936
0.7312404684243251
0.3996483342686089
0.807864248584166
0.6768939186575864
0.8832582444914948
0.8068124990675112
0.7126210956089907
0.7234526568207214
0.9623370103147755
0.4645872302859546
0.9206198407323823
0.40771172534710515
0.6587481403506068
0.8286140889777474
0.5734823106250126
0.43560216623569464
0.7343279265193009
0.4123207757747504
0.8053260694529112
0.7336279841592259
0.854863905724366
0.8070642715776088
0.7113101063345207
0.7289559558829903
0.9564995893258246
0.48428066124907276
0.9226265534277954
0.39779194793632566
0.6619373106819606
0.8370830338558201
0.5760357995505034
0.4405389959859245
0.7377494977462398
0.42571309168348015
0.8027918071035158
0.784082595849667
0.8326707492252886
0.80681590633554
0.7097416198763943
0.7345879323837519
0.9500984279572144
0.5051511603802997
0.9248953749556377
0.3887563644709486
0.665461804023016
0.8454691284442954
0.5787583027010759
0.4461972315026311
0.741465901489629
0.43973585495618683
0.8240737314509108
0.8170452737924939
0.8061972439510904
0.7079678091459863
0.7403425283631171
0.9430954623954737
0.5267149434128253
0.9274220061289588
0.38051205209861955
0.6693087069037655
0.8537746458505334
0.5817145390959831
0.45260365379807177
0.7454316651854048
0.45429576484358936
0.8002918796032312
0.8537589355200106
0.8058973668052305
0.8053598688124813
0.7060504073074982
0.7462129727408323
0.9354657000628084
0.5485018996134174
0.9301928683605964
0.37298966386183835
0.6734677417185022
0.8620071919361392
0.5849716211279934
0.45978128383178024
0.7495969909103735
0.4692960702391568
0.7978562034409
0.875266976613569
0.7976003330866736
0.8044810926098188
0.7040600187413875
0.7521917290315605
0.9272038027898927
0.5700838940266086
0.9331817060998155
0.3661378448758664
0.6779292799705339
0.8701792683213875
0.5885969624444557
0.4677483228351406
0.7539096264892898
0.48463718991076166
0.7955140328657939
0.8909510490431367
0.7914237059775429
0.8037833411934228
0.7020750653863166
0.7582704347416191
0.9183271693312511
0.5910951686469377
0.9363499294887212
0.3599190341033448
0.6826826716647904
0.8783077545178493
0.5926560499298595
0.47651700032403427
0.7583165265426746
0.5002175319587963
0.7932938864231932
0.9026704657548713
0.787078723058483
0.8035825097612703
0.700180397106722
0.7644398310758125
0.9088755041465149
0.6112437853320527
0.9396508160215556
0.35430630477050673
0.6877147802928186
0.886413271827659
0.5972101880757777
0.4860923436505508
0.7627652497196538
0.5159345035576927
0.7912235382349537
0.9116960311237859
0.7844159387911891
0.8040000434431357
0.698465613158971
0.7706896816933703
0.8989076195802168
0.6303147089204049
0.9430352741239821
0.3492809633204508
0.6930086587066879
0.8945193727669407
0.6023143300861992
0.4964708959207454
0.767205140371913
0.5316856871677259
0.7893300541102695
0.9188444462869559
0.7833085985242944
0.8046232853586196
0.6970231591630702
0.7770086794928529
0.8884965769951172
0.648166212966719
0.946456624128256
0.3448306986074626
0.6985423338978727
0.9026514781135704
0.6080151061889726
0.5076394245788168
0.7715883833037668
0.5473701425362536
0.7876398547597808
0.9246340119173743
0.7836207873096015
0.8051108544459582
0.6959462776761561
0.7833843408314276
0.8777242637840745
0.6647217405264834
0.9498733383844384
0.34094813098742505
0.7042876956417086
0.9108354599228652
0.6143491465452726
0.5195736804581541
0.7758710232733891
0.5628897766636283
0.7861787901888293
0.9293971258412882
0.7852043254306834
0.805255631894164
0.6953268978907274
0.7898028872542614
0.86667626390341
0.6799592918586619
0.9532499998918323
0.3376296538251904
0.7102095114164133
0.9190957449530759
0.6213417757030371
0.5322372854677008
0.7800140284764778
0.5781507083072339
0.7849722107857832
0.9333503489453224
0.7879028743240377
0.8049164306814744
0.6952535491760604
0.7962491157976139
0.8554375567733266
0.6939000402498572
0.9565571654903225
0.33487449077851283
0.7162646230327032
0.9274527930882168
0.6290061301870419
0.5455808443102803
0.7839844599230174
0.5930645413704319
0.7840450217679713
0.9366367330216127
0.7915565190019137
0.8039922593700763
0.6958093735310602
0.8027062602982717
0.8440892793252697
0.7065973869167448
0.9597707088112579
0.33268391431839617
0.722401422472412
0.9359197973089787
0.6373427232715554
0.5595413887859865
0.7877567877532667
0.6075494543932141
0.7834217086159024
0.9393518831868886
0.7960052542547253
0.8024105047732676
0.69707029469064
0.8091558479565495
0.8327065618316848
0.7181271917177777
0.9628709911027107
0.33106058688580514
0.7285597564437478
0.9444984685356201
0.6463394538995991
0.5740422686435299
0.7913143673723279
0.6215310127926436
0.783126322085725
0.9415605322755355
0.8010913108664881
0.8001197929121812
0.699103379602896
0.815577557692469
0.8213573110356446
0.7285795307995756
0.9658420350393286
0.33000799769643513
0.7346714676204471
0.9531738300157855
0.6559720324404571
0.588993596522311
0.7946510473316967
0.6349426176015811
0.7831824125813946
0.9433073981409532
0.8066605782766876
0.7970847437812931
0.7019654054536761
0.8219490896011266
0.8101017509025479
0.7380520578968247
0.9686707764557559
0.32952997673547274
0.7406618339945751
0.9619080788415169
0.666204776299968
0.6042933327552166
0.7977728226738635
0.6477255199459219
0.7836129054238075
0.9446244539985357
0.8125633788480117
0.7932816553258558
0.7057016269264009
0.8282460579851226
0.7989925200367803
0.7466448746742104
0.9713464184997382
0.3296302737692142
0.7464521914091228
0.9706338081686468
0.6769917143655717
0.6198290565341826
0.800699370883278
0.659828354841336
0.7844399113109294
0.9455358638307013
0.8186547927743055
0.7886947737888557
0.710344727736663
0.8344419238664752
0.7880751440405753
0.7544567252694504
0.9738598896695992
0.3303121947934954
0.7519639739101994
0.9792472496739877
0.6882779311446656
0.6354804138966519
0.8034652172822913
0.6712061815102588
0.7856844705418752
0.9460613512806944
0.8247946867622584
0.7833130482597473
0.7159139398535469
0.8405079862992283
0.7773887342984604
0.7615822964718031
0.9762033977620841
0.33157829161306396
0.7571242169230621
0.987602694268753
0.7000010788080694
0.6511221644852726
0.8061201848537142
0.6818190610546575
0.78736623590142
0.9462184924250201
0.8308475704487477
0.777127363427519
0.7224143231314004
0.8464134548402548
0.7669668009817971
0.7681104063795783
0.9783700686203368
0.33343010245831206
0.7618721682473134
0.9955098254317936
0.7120929872545958
0.6666276763631627
0.8087287104442841
0.691630257286597
0.7895031078013571
0.9460242557874793
0.8366823865534834
0.7701282794088633
0.7298362147378843
0.8521256276945629
0.7568381014158042
0.7741228848487509
0.9803536581868946
0.3358679428879141
0.766166014681876
1.0027362006750913
0.7244813075965104
0.6818726527483338
0.8113675824407705
0.7006042147363601
0.7921108461749982
0.9454960085532997
0.8421723293263272
0.7623043158460385
0.7381548768831325
0.8576102007424127
0.7470274726699178
0.7796939777120799
0.9821483270874832
0.3388907468534736
0.7699879754094632
1.0090172627314915
0.7370911319430256
0.6967388288758434
0.8141217049895676
0.7087045513225714
0.7952026956256439
0.9446521404374764
0.8471947791141146
0.7536408160415102
0.7473303866930243
0.8628317312421986
0.737556618755684
0.7848901369813356
0.9837484680648698
0.34249595785603865
0.7733455176528423
1.0140756747778334
0.7498465409949717
0.7111173619947742
0.8170776487005763
0.7158924025740221
0.7987890712012318
0.9435124118050172
0.8516314389712907
0.7441194245871839
0.7573078180175504
0.8677542758857828
0.7284448386961138
0.7897700874314106
0.985148577737295
0.3466794697387586
0.776266854487792
1.0176501175452013
0.7626720399637202
0.7249116586060652
0.8203150249288511
0.7221255666013292
0.8028773586317256
0.9420981022085662
0.8553687628658733
0.7337182133684237
0.7680177589931153
0.8723422156121359
0.7197096929970435
0.7943850844633514
0.9863431652529356
0.35143561596133827
0.7787907215448766
1.0195309387305689
0.7754938521516145
0.7380394393507504
0.8238961172618239
0.7273590141159462
0.8074718816675893
0.9404320145573827
0.8582987742842156
0.7224124977776041
0.7793771932139364
0.8765612689942157
0.7113676138348495
0.7987792984891431
0.987326691409154
0.3567572053132089
0.7809533640037327
1.0195968007901206
0.7882410478621494
0.7504339251181286
0.8278546859826038
0.73154742508676
0.8125740786249512
0.9385383755692615
0.8603203875580026
0.7101763970462578
0.7912907516498205
0.880379682355162
0.7034344696301075
0.8029902774371672
0.9880935327000452
0.36263560104408504
0.7827780092593142
1.0178440157274817
0.8008464939921055
0.7620441241191156
0.8321853547850518
0.7346504603422958
0.8181829118911705
0.9364426629738849
0.8613413585929949
0.6969852073791869
0.8036523223152578
0.8837695688170487
0.6959260985098709
0.8070494518016181
0.9886379655523366
0.36906083941072093
0.7842717239252238
1.0144001218679215
0.8132476166406675
0.7728342928638533
0.8368353753704527
0.7366414301840291
0.8242955127379507
0.9341713827784551
0.8612810009095192
0.6828186696170071
0.8163469877717212
0.8867083515731302
0.688858828233525
0.8109826565018237
0.9889541667221584
0.3760217827095625
0.7854310259528602
1.009516313659174
0.8253869753450132
0.7827827198669306
0.841700692728397
0.7375198398491747
0.8309080448035793
0.9317518148348818
0.8600737982098831
0.6676652179181861
0.8292532463680999
0.8891802506338422
0.6822500031199192
0.8148106512220445
0.9890362264585908
0.3835063010292282
0.7862531871068695
1.003538924702397
0.8372126531208743
0.7918800298995545
0.846627951688104
0.7373279480259243
0.8380167537918969
0.9292117412976603
0.8576740144205512
0.6515272837938679
0.8422454599687901
0.8911777392679568
0.6761185419632072
0.8185496263569816
0.9888781716156528
0.39150147619845466
0.7867478461872541
0.9968661253671807
0.8486784713422562
0.8001272253532977
0.851423308389445
0.7361710099273245
0.8456191459106767
0.9265791698567563
0.8540613324622125
0.6344276904152697
0.8551964578899867
0.8927028884880628
0.670485555470322
0.8222116856099239
0.9884739964023745
0.3999938207439912
0.7869444484654127
0.9898997928782387
0.8597440426168678
0.8075336722807283
0.8558676934386252
0.7342405636322648
0.8537151636769745
0.9238820615316068
0.8492474296391421
0.6164170947902798
0.8679802146832759
0.8937685169728422
0.6653750581004233
0.8258052990265595
0.9878176989293336
0.40896950404288296
0.7868938061132612
0.9830027220324636
0.870374678172996
0.8141152085782957
0.8597367592261556
0.7318408393127468
