-2.6217665772200998
2.8250306436207557
2.4341323965946637
1.4122748704248824
1.1774554759271907
1.0928045588390245
0.7914926896375389
0.16096258352537354
-0.004066329417563156
-0.27938761729678513
-0.4802897881161059
-0.7394934186224665
-1.8408313169354003
-2.036082387116839
-2.3417397647687777
-2.7271496521882836
-3.1410156498607344
2.8462071452044686
2.442775154324319
1.4199419437771115
1.1836589711857588
1.1045905845706283
0.8023608310902659
0.17601705164377707
0.01046126497319976
-0.24827447889640575
-0.4544578462990119
-0.7151882485216158
-1.837764631072038
-2.038607476274397
-2.3307122541012593
-2.7222761411712804
-3.125532058876718
2.8676873089212016
2.451789574500186
1.4286294319432222
1.191190774174421
1.11662341012327
0.8141867031845395
0.19256038408820636
0.024949438208443794
-0.21651878428286733
-0.4281474312727777
-0.6905474872431662
-1.8325817724926041
-2.0414272980621724
-2.318619591445398
-2.7168218248545886
-3.109214284214801
2.8894073924410995
2.461152944321532
1.4383316975777254
1.2001140995436643
1.1287958628310617
0.8269702150753612
0.21054109900478143
0.03947805904000944
-0.1842250013480015
-0.401385457445593
-0.6656052462964612
-1.825447285878945
-2.0443971702321084
-2.30549808131502
-2.7107859968258134
-3.092045903083279
2.9113029182603376
2.47084351532734
1.449042685819758
1.21047435235848
1.1410222591946901
0.8407110579772697
0.2298886210314245
0.054175708755636216
-0.15152378951679654
-0.3741987039147879
-0.640394518654117
-1.8165353793657848
-2.047359242064248
-2.2913844239736636
-2.7041677156714927
-3.074008158520105
2.933309397493597
2.4808405327646
1.4607556628706977
1.2222830439415964
1.1532547233892196
0.855408647149291
0.2505202452040087
0.06922536546469543
-0.11858448897434314
-0.34661398350664413
-0.6149471036782477
-1.8060145241460126
-2.0501576281062244
-2.2763158331841615
-2.6969659522801184
-3.055080723905384
2.9553632782486443
2.491124246021492
1.4734629500420213
1.2355080592451877
1.165493129178214
0.871062055493431
0.27234824854465
0.08487557738334686
-0.08563327459641246
-0.3186583304440685
-0.589293534509634
-1.7940383258789547
-2.052647117826975
-2.260330387960141
-2.6891797000859836
-3.0352426969002493
2.9774030969048915
2.5016759025429924
1.4871556668120605
1.250076241479292
1.1777826930006283
0.8876699403004156
0.2952858663328802
0.10145876170065861
-0.05297731361932413
-0.2903592146640093
-0.5634630075545302
-1.7807416481573808
-2.054696348057996
-2.243467743725852
-2.680808048482134
-3.0144737985302306
2.9993707768598985
2.5124777274417482
1.5018234970439843
1.2658872551726252
1.1902002489555796
0.9052304647492614
0.31925155868020255
0.11941219674210317
-0.02102990364626747
-0.2617447938801446
-0.5374833142201294
-1.7662402050941939
-2.0561869751310735
-2.225770441044205
-2.6718502200901515
-2.992755720955773
3.021212985059296
2.5235128908633166
1.5174544921467727
1.282831508188358
1.202836416612502
0.9237412157582329
0.3441715841400044
0.1392818807642905
0.009683238753497659
-0.23284421830175958
-0.511380775509994
-1.7506320275511258
-2.057009960533188
-2.207286285611078
-2.662305572082099
-2.9700735352725305
3.042882430207303
2.534765465055367
1.5340349234297317
1.3008048795577967
1.2157809070951495
0.9431991196857133
0.3699812200372404
0.16166544035495223
0.038580040326332575
-0.20368800785950977
-0.4851801804815155
-1.7339997055893146
-2.0570590671977107
-2.1880727919592147
-2.652173560225876
-2.9464170469891995
3.0643389767712907
2.546220373017517
1.5515491931878833
1.3197172201953031
1.2291139948703607
0.9636003571832592
0.3966250569204835
0.18705276574264806
0.06518140971611014
-0.17430852828428162
-0.45890472987716685
-1.7164127721346845
-2.0562199866046478
-2.168205898024553
-2.6414536615652753
-2.921781980773521
3.0855504617307434
2.5578633305645835
1.5699798103294436
1.3394953431528318
1.2429034364019944
0.9849402782031764
0.4240567464451237
0.2156189664575526
0.08931891780024478
-0.14474060085935153
-0.43257598645959217
-1.6979299151535918
-2.05435016400807
-2.147798188437797
-2.630145247221336
-2.896170894154438
3.1064931365416126
2.5696807836133333
1.5893074319716356
1.3600825861244623
1.257204754881297
1.0072133177524742
0.45223848447310566
0.24714542986381455
0.11121480407865911
-0.11502229137129208
-0.4062138337008701
-1.678600897032479
-2.0512362588577817
-2.1270398033347138
-2.61824738989032
-2.869593763076357
3.1271517080048237
2.5816598424942145
1.6095109678767339
1.3814367793672049
1.272063064173122
1.0304129124566064
0.48114041367056204
0.2811514979194664
0.1313516704674611
-0.08519593639018752
-0.37983644449471654
-1.6584681602624594
-2.046495881803123
-2.1062954047167306
-2.605758579703668
-2.842068245085899
2.593788215087983
1.6305677404144874
1.4035277498233019
1.2875153116254163
1.0545314173375622
0.5107400512684519
0.31709773317786566
0.15027085929851622
-0.05530947764424164
-0.3534602614778601
-1.6375681444748493
-2.0393586364595424
-2.086322139511323
-2.592676304430466
-2.81361969913004
-3.135666300683247
2.606054140585859
1.6524536894047088
1.4263349136135264
1.3035924013934646
1.0795600214032652
0.5410217894381933
0.3545118456661873
0.16844847703724566
-0.025418182439633112
-0.3270999903691838
-1.6159323564256902
-2.0284083298645776
-2.0685266859562286
-2.5789964203839935
-2.784281116578142
-3.1155899518640333
2.6184463256649835
1.675143609057155
1.4498451656559135
1.3203210056712982
1.1054886596591142
0.5719764721535139
0.3930221770245617
0.1862642325690901
0.004413183437484743
-0.3007686074722153
-1.5935882366716305
-2.0123303361168112
-2.05421734695704
-2.5647121890348425
-2.7540931966199573
-3.0957975657327395
2.6309538848523206
1.6986114034290216
1.4740511079370795
1.3377250395985445
1.132305917939361
0.6036010159251608
0.4323452096163078
0.20401666534527116
0.03410772273611526
-0.2744773821532852
-1.5705598626104185
-1.9917578180550164
-2.042757437538586
-2.54981276210625
-2.7231048968295792
-3.07627641425374
2.6435662868143215
1.7228303473033624
1.4989495905452295
1.3558268431144853
1.1599989254444472
0.6358980057415347
0.47226207270395987
0.22194970895614613
0.06357346770643243
-0.24823591472225623
-1.546868521434763
-1.968388501300226
-2.032448230031619
-2.534280726526271
-2.691374947985083
-3.057008952599374
2.656273308251221
1.747773340925871
1.5245405199802338
1.3746481319570663
1.188553227954157
0.6688751578270324
0.5125978832141732
0.240276353844752
0.09270064559627339
-0.22205218972612448
-1.5225331803085784
-1.9433453387047934
-2.022168083182498
-2.518087991682127
-2.658975126575474
-3.0379736779159168
2.669064996988893
1.773413149291062
1.550825889285755
1.394210779004498
1.217952632221108
0.7025444981729259
0.5532069016379693
0.2591954108023682
0.12136032155098617
-0.19593264423996845
-1.497570875511558
-1.9171679667452244
-2.0113808236944437
-2.501188653769668
-2.6259966977266362
-3.0191458835816767
2.6819316457434503
1.7997226192801674
1.5778089909042365
1.4145374800494812
1.2481790088494293
0.7369210693439971
0.5939629731509338
0.27889994323850176
0.1494065731700843
-0.16988225032635915
-1.471997037645239
-1.8901172270466309
-1.9998310822275198
-2.483506186217451
-2.592562701074356
-3.0004982953593493
2.6948637778805886
1.8266748705925082
1.6054937803425344
1.4356523508898251
1.2792120368222464
0.7720209694997592
0.634754119155795
0.29957565290178145
0.17668524881271797
-0.14390461045368028
-1.4458257662341651
-1.8623321036755975
-1.987387213001966
-2.464909854008201
-2.5588511830799168
-2.9820015950618433
2.7078521463012875
1.8542434588250651
1.6338843649002228
1.4575814975822432
1.311028867596862
0.8078585819821053
0.6754803058712215
0.3213877327624495
0.20305191822496427
-0.1180020643322801
-1.419070064075993
-1.833895342801701
-1.973975514268334
-2.4451714648370713
-2.5251382508409645
-2.9636248493288395
2.720887746357491
1.8824025110769864
1.662984596511364
1.4803535993060146
1.3436036803972606
0.8444430095033063
0.7160535933262433
0.3444579972836528
0.22839799672890643
-0.09217580535870297
-1.3917420393573765
-1.8048615803574266
-1.9595519116104065
-2.423893255472866
-2.4918701298920842
-2.9453358665298297
2.733961843438687
1.9111268360119622
1.6927977513723
1.5040005427700605
1.3769070937089682
0.8817739963259257
0.7563998672048571
0.368840642539304
0.2526772153256224
-0.06642600466003777
-1.3638530817282464
-1.775270284644393
-1.9440887882355709
-2.400430978571428
-2.4597401391372817
-2.9271015052099307
2.747066015578792
1.9403920113974644
1.7233262817719153
1.5285581460011264
1.410905393333519
0.9198379490718913
0.7964612145282322
0.39450969975899386
0.2759197139749517
-0.040751940607026145
-1.3354140171051068
-1.7451521685252958
-1.9275683021267704
-2.3739765657669256
-2.4296061859275087
-2.908887954616231
2.760192211122425
1.9701744528019893
1.7545716276709522
1.5540670016798461
1.445559540604741
0.9586049075598649
0.8361978849961734
0.4213669156035387
0.2982252456119657
-0.015152131614830481
-1.3064352448642345
-1.714532586330044
-1.9099786729061303
-2.3440522804351867
-2.401996848505372
-2.890661003225109
2.7733328211754213
2.0004514674438507
1.7865340772838099
1.5805734426534412
1.4808239488839325
0.9980272920961528
0.875588882556957
0.44926660598312745
0.3197390882258392
0.010375529930488344
-1.2769268602172454
-1.6834334420372805
-1.891311913546962
-2.3109957423724867
-2.3766266460086993
-2.8723863060101547
2.7864807662653295
2.0312012972309677
1.8192126673237352
1.608130557862804
1.5166450894841332
1.0380408808368562
0.9146306534765222
0.47804513044848324
0.3406231132004479
0.0358336447011468
-1.2468987638801647
-1.65187431712582
-1.8715623044897094
-2.275640096259462
-2.3527162074655537
-2.8540296562393332
2.799629596377884
2.0624031548922503
1.8526051147577762
1.6367990176194234
1.5529601582058075
1.0785678741660194
0.9533339635016022
0.507544027545161
0.36103303343405735
0.06122517636245225
-1.216360760610615
-1.6198731671829376
-1.8507252721805303
-2.2387404839937197
-2.329566162143053
-2.835557263334599
2.8127736033425284
2.094037256847371
1.886707772925937
1.6666471366788156
1.5896963674772442
1.1195213645313826
0.9917196114696939
0.5376229709944581
0.38110571504798996
0.08655332619155284
-1.1853226477651897
-1.587446768653957
-1.8287965082734081
-2.200803715658811
-2.3067278357309773
-2.8169360349865404
2.8259079444444253
2.1260848561505976
1.9215156057393985
1.697749077206856
1.6267719618182608
1.160810294236422
1.0298138690145446
0.5681642420904494
0.4009548877614053
0.11182141395844751
-1.1537942946960977
-1.5546110144405934
-1.8057712567886846
-2.1621484958552886
-2.28394336885497
-2.798133859340043
2.8390287761735697
2.158528278518212
1.9570221744034813
1.7301795360674346
1.6641006216563325
1.20234409401703
1.067644424371321
0.5990721258762721
0.42067186811687873
0.1370327664298857
-1.1217857135455116
-1.5213811142646998
-1.7816437499307587
-2.1229836650604206
-2.2610677623313817
-2.7791198815968507
2.8521333972142267
2.1913509641382563
1.9932196317273592
1.7640033329214033
1.7016008610963065
1.244036508739278
1.105237287594932
0.6302700471679266
0.4403284954098686
0.16219061463114073
-1.0893071217941943
-1.4877717325893665
-1.7564068092670462
-2.0834579397765105
-2.238019317369948
-2.759864768700971
2.8652204001586647
2.224537517685977
2.0300987195958253
1.7992601967377602
1.7392101587477407
1.2858084434481283
1.1426147765274919
0.6616971281586955
0.45998061056341977
0.1872980007756635
-1.056368996767744
-1.453797083900925
-1.7300516562726866
-2.043687272268972
-2.214752287793378
-2.740340955739827
2.878289832022951
2.258073768739982
2.0676487655969917
1.8359491436260715
1.7768994801059308
1.3275898853329753
1.1797944680205588
0.6933049642506582
0.47967129055716357
0.2123576955542671
-1.0229821221920572
-1.4194709976033348
-1.702567997271928
-2.003769430636585
-2.191242067771346
-2.7205228681603253
2.8913433644706594
2.2919468446194786
2.1058576751300353
1.874020346439163
1.8146803545297938
1.36932105340147
1.2167888918682483
0.7250549005931843
0.49943356327458516
0.23737212626905485
-0.9891576268129973
-1.384806960244696
-1.6739444605175626
-1.9637916266233941
-2.1674770033347706
-2.700387114724447
2.9043844757312614
2.326145257543497
2.144711915558382
1.9133802566736957
1.8525988161362812
1.4109529340554505
1.2536057327042283
0.7569158446294076
0.5192925734281032
0.26234331610526623
-0.9549070150498331
-1.3498181399976452
-1.6441694617994123
-1.9238342229636192
-2.143453715211904
-2.67991264718847
2.9174186475524437
2.360659007947854
2.184196489122482
1.9539077968474468
1.8907184580868444
1.4524473261654343
1.2902483419029696
0.7888625523976751
0.5392672667413173
0.287272834659142
-0.9202421896329532
-1.3145173965419783
-1.6132325512694894
-1.8839720659275239
-2.1191743316198677
-2.6590808838751103
2.930453582171843
2.395479705776797
2.2242948913696106
1.9954731962897518
1.9291010826127715
1.4937764800844284
1.326716412573162
0.8208743006389924
0.5593716844546666
0.31216175968106274
-0.8851754661817086
-1.278917278349097
-1.5811262401605604
-1.844274279036534
-2.0946447940500366
-2.6378757955296157
2.9434994462679627
2.430600711578404
2.2649890517798
2.0379520153304336
1.9677924348646767
1.5349223897454602
1.3630067173360927
0.8529338608791486
0.5796159554435569
0.33701064985137014
-0.8497195797037908
-1.243030008611127
-1.5478482194577015
-1.804803054252245
-2.0698737857583995
-2.6162839530356115
2.9565691512051355
2.466017299240494
2.306259253048181
2.0812320225246124
2.0068153595539906
1.5758757896682576
1.399113844056063
0.8850267055174786
0.6000070588114514
0.361819528279753
-0.8138876830410688
-1.2068674605567458
-1.5134037735544097
-1.7656118862487808
-2.044872032643736
-2.594294537658255
2.969678681706685
2.501726842133531
2.3480840251141224
2.1252144306317398
2.0461688459864233
1.6166349150473347
1.435030888917476
0.9171403910050224
0.6205494142707657
0.38658787630703323
-0.7776933373455803
-1.1704411225718734
-1.4778080877190634
-1.7267436932260816
-2.0196518327445405
-2.57189931543938
2.9828474885011538
2.537729024131221
2.390440009525946
2.169811992707731
2.085830401544095
1.65720409539996
1.4707500817272574
0.9492640763256794
0.6412453440402814
0.411314637088888
-0.7411504947402255
-1.133762053350836
-1.4410880894266669
-1.6882292680544884
-1.994226729194164
-2.549092578164294
2.9960989646777465
2.574026076166318
2.4333017891843984
2.2149458705497937
2.1257597598796893
1.69759226296739
1.5062633280173532
0.981388145461148
0.6620954391008868
0.4359982283540166
-0.7042734733991616
-1.0968408272206898
-1.4032834886781265
-1.650086445362045
-1.9686112747456943
-2.525871053937986
3.009461030734251
2.610623037087533
2.476641678153112
2.260542327312916
2.1659027774452544
1.737811460909143
1.5415626589024702
1.0135039104934955
0.6830988542877824
0.4606365636529058
-0.6670769253701592
-1.0596874698022218
-1.3644468047272147
-1.6123202285462646
-1.9428208554476831
-2.502233790846739
3.022966860003438
2.6475280335538205
2.520429466573831
2.3065296839835625
2.2061949815165502
1.777875431133212
1.576640584426078
1.045603377923413
0.7042535504088521
0.4852270813474169
-0.6295757975526501
-1.022311384302868
-1.3246423590376721
-1.57492391665516
-1.916871552776528
-2.478182017446689
3.03665578489118
2.6847525655744797
2.564632117811578
2.3528356493944282
2.2465645694232386
1.817798348066048
1.6114903502828208
1.0776790651246875
0.7255564968997864
0.5097667805355894
-0.5917852863383471
-0.9847212689980349
-1.2839444156442565
-1.5378810624790178
-1.890780030784984
-2.4537189839284586
3.0505744360500158
2.72231176852183
2.6092134207201645
2.399384985919736
2.2869348196221058
1.8575937454437814
1.6461061017272545
1.1097238570157228
0.7470038450581683
0.5342522630606832
-0.5537207865138366
-0.9469250268778031
-1.2424347938763678
-1.5011679446725827
-1.8645634394289374
-2.4288497877781796
3.064778182699018
2.760224592712362
2.654133612797008
2.4460974201801036
2.327225946274394
1.8972736617549337
1.6804829621498703
1.1417308953225818
0.7685910793268715
0.5586797807182199
-0.5153978351149894
-0.9089296690564637
-1.200200325430675
-1.4647561863811673
-1.8382393282245444
-2.403581187614857
3.079332965317759
2.798513787181065
2.6993490156549096
2.4928857004740523
2.3673564592745735
1.9368480095206824
1.7146170369832279
1.1736934944742088
0.7903131521859981
0.5830452867509973
-0.4768320510091774
-0.8707412144127772
-1.1573304810012799
-1.4286151970476137
-1.8118255663725056
-2.377921408658305
3.094317646659407
2.8372054773855715
2.744811771043593
2.5396537197642406
2.407244104199238
1.9763241565297376
1.7485053559963581
1.2056050793847408
0.8121646067860069
0.6073444907097187
-0.4380390710629071
-0.8323645891062347
-1.1139153862668183
-1.3927142172226321
-1.7853402668294625
-2.3518799429972725
3.109827063065156
2.876327960238972
2.7904698435057798
2.586294661881059
2.4468064609096203
2.0157066947191233
1.7821457684146236
1.237459141269752
0.8341396903864547
0.6315729157568193
-0.3990344838283343
-0.7938035311558654
-1.0700443271549904
-1.357023863834702
-1.758801712730893
-2.325467347507395
3.1259760557485134
2.915909066899145
2.8362675698574074
2.632689196615555
2.4859612796124844
2.0549973648608844
1.815536805572078
1.2692492083049094
0.8562324608610353
0.6557259575034576
-0.359833761753078
-0.7550605072168296
-1.0258047433324144
-1.3215171719314274
-1.7322282852149369
-2.2986950419347307
2.955971020917254
2.882147168995219
2.6787038609030676
2.524626631599436
2.094195102079915
1.848677525029772
1.3009688284352463
0.8784368879243616
0.6797989434950088
-0.32045219298324323
-0.7161366510534759
-0.9812816418281092
-1.2861701932483953
-1.7056383921503033
-2.27157510932919
-3.14028036228367
2.996521108057375
2.928051703987687
2.7241899362307613
2.5627209511333175
2.1332961675566997
1.8815673484717743
1.3326115620277272
0.9007469502795391
0.7037871924979424
-0.280904813892031
-0.6770317359243345
-0.9365573292835387
-1.2509622424064797
-1.6790503975924
-2.2441201006971476
-3.1223980360218855
3.037535649463479
2.9739298398607605
2.768983380151753
2.600163047701805
2.172294334477088
1.9142059034993701
1.3641709823645818
0.9231567295432892
0.7276860727906186
-0.2412063435258964
-0.6377441959813234
-0.8917113531614907
-1.2158758865908448
-1.6524825520173811
-2.2163428454523926
-3.1033439560435596
3.078933734305171
3.0197421091271375
2.812906681583662
2.636872176526663
2.211181100344431
1.9465928769811205
1.3956406822234726
0.9456605015504603
0.7514910587209476
-0.2013711212197075
-0.5982712144818036
-0.8468205493683234
-1.180896764533936
-1.6259529235402277
-2.1882562689860023
-3.0828367688858553
3.120536297734671
3.06546712721327
2.8557738115853772
2.672768271065541
2.249945902304516
1.978727885155277
1.427014285000675
0.9682528254537213
0.7751977848639476
-0.1614130486927132
-0.5586088985145027
-0.8019591082294616
-1.1460133040138203
-1.5994793304276302
-2.1598732184511578
-3.060502406152361
3.111104572895545
2.897399541470444
2.707772462996797
2.288576316502295
2.0106103634320034
1.458285459016405
0.990928630901583
0.7988020971897525
-0.12134553800081908
-0.5187525601700005
-0.7571985878934874
-1.1112163894730305
-1.5730792752822311
-2.131206297670122
-3.0358296499446555
-3.1211763016198786
2.937613956805004
2.741808037187257
2.3270582262575554
2.0422394769450554
1.4894479338059048
1.0136833034885024
0.8223001007361515
-0.08118146678806412
-0.4786971215174836
-0.7126078221831472
-1.076499015723064
-1.5467698813100974
-2.10226771191641
-3.0081315688354326
-3.080372200763352
-3.1265148716571773
2.9762816198756505
2.774801979524238
2.3653759467589266
2.0736140514222843
1.5204955173505341
1.0365127686150752
0.8456882033665013
-0.04093314235227325
-0.43843765416926395
-0.6682526887434999
-1.0418559511591763
-1.520567831095379
-2.0730691232046645
-2.9766273968963857
-3.0409001161003815
-3.081006745288604
3.0133224597828607
2.8066872555741647
2.403512295911223
2.1047325228903055
1.5514221133438837
1.0594135738675072
0.868963155281905
-0.0006122761148975966
-0.39797005265766683
-0.6241957239517785
-1.0072834245429318
-1.4944893082995638
-2.043621516631781
-2.940846885214266
-3.0031208575828905
-3.0355905728045505
3.048728915527488
2.8374058855252824
2.4414486019004142
2.1355929040679418
1.5822217377203716
1.0823829700172896
0.8921220840433961
0.03977002983947434
-0.3572918241202551
-0.5804955940772015
-0.9727788427918098
-1.4685499426816173
-2.0139350782533376
-2.901128084237352
-2.9664862748126035
-2.9904772553396737
3.08257292950543
2.8669127395788636
2.479164637990228
2.1661927649783523
1.6128885337990277
1.1054189907484784
0.9151625249434722
0.0802032824183243
-0.316402956069989
-0.5372064570223726
-0.9383405427647209
-1.4427647588027992
-1.9840190849473873
-2.858446356859407
-2.929298319757973
-2.9464768767788536
3.114998717755256
2.8951797742239394
2.5166384741024075
2.1965292252545416
1.6434167855137503
1.1285205312361104
0.9380824466446328
0.12067758157939573
-0.27530680231518495
-0.4943772732180371
-0.9039675771865024
-1.4171481287385037
-1.953881806710955
-2.8137905742174976
-2.8888623500672805
-2.905465948643576
2.9222002090728574
2.553846232973319
2.2265989557607475
1.6738009283130377
1.1516874257192153
0.9608802720741366
0.16118358697014626
-0.23401090911810965
-0.4520511436399555
-0.8696595331420985
-1.3917137290711865
-1.9235304218512321
-2.7678660900460086
-2.8446612984797195
-2.8674937038073978
-3.1369829507285067
2.9479919916434274
2.5907617363273845
2.256398187444215
1.7040355574169448
1.1749205242300893
0.9835548946274544
0.20171246533948228
-0.1925276949664282
-0.4102647623272142
-0.8354163806284595
-1.3664745023851208
-1.892970945571149
-2.7211210356890763
-2.798664804520029
-2.8304221303196333
-3.1067811231418636
2.972599909174122
2.62735602395347
2.2859227257196153
1.7341154332168447
1.198221768651598
1.006105689787308
0.24225581698878815
-0.1508749024460897
-0.3690480659260487
-0.8012383482135249
-1.3414426234269174
-1.8622081725049222
-2.673838917037267
-2.7519014279806306
-2.7932357747501997
-3.0773634971904142
2.996095930546744
2.6635967265765537
2.315167969134102
1.7640354836936332
1.2215942682689653
1.0285325223097437
0.28280557969293424
-0.10907576122392837
-0.32842414229564054
-0.7671258227309559
-1.3166294700365415
-1.8312456338301826
-2.626206385238159
-2.704726923437294
-2.755684960283215
-3.0485356418319745
3.018577749827309
2.699447273450054
2.344128931538447
1.793790803813329
1.2450423749543948
1.0508357491638622
0.3233539088011849
-0.06715883433917082
-0.2884094269778835
-0.7330792700099734
-1.2920455988931003
-1.8000855696642253
-2.5783528800492395
-2.657300165853632
-2.717756439451979
-3.020137852991158
3.040165917271555
2.734865920371807
2.3728002674793736
1.8233766519345034
1.2685717580617955
1.0730162184371757
0.36389303265113954
-0.025157559110994394
-0.24901417721352107
-0.6990991738188435
-1.2677007260587652
-1.7687289175373218
-2.5303728528967873
-2.609717634736944
-2.679509501224526
-2.9920485358153295
3.061000223487935
2.7698045981736747
2.4011763010189804
1.852788443331144
1.2921894790053048
1.0950752644350152
0.404415083024013
0.01689046972003724
-0.21024317696904105
-0.6651859904346709
-1.2436037122434858
-1.737175317817466
-2.4823384051248714
-2.5620511908976917
-2.641023282229317
-2.964181764557722
3.0812360499613933
2.80420761373677
2.4292510586698826
1.8820217409969782
1.31590406533599
1.1170146992107115
0.4449119011596069
0.05894440117894351
-0.1720966008615183
-0.6313401165082596
-1.2197625526528078
-1.7054231370283042
-2.4343067160976495
-2.5143602856084937
-2.602377903027905
-2.936481627686458
3.1010412156197926
2.8380102977340904
2.457018307602882
1.9110722439544414
1.339725583902904
1.1388368007638578
0.4853748208477127
0.1009611289921319
-0.1345709541406053
-0.5975618681514749
-1.196184371221586
-1.6734695100433958
-2.386324573609207
-2.4666964863427228
-2.563647745936909
-2.908915466967365
3.120593505844613
2.871137802445202
2.484471600729463
1.9399357733438498
1.3636657123717202
1.160544298138789
0.5257944313208864
0.1428963110288165
-0.09766000980217149
-0.5638514694238226
-1.172875418976961
-1.641310402139925
-2.3384312363174353
-2.4191054283286557
-2.524899551155427
-2.8814673829249515
3.1400786517086074
2.903504425964218
2.5116043306723963
1.9686082566173584
1.387737807959743
1.1821403536448518
0.5661603240734784
0.18470534010543643
-0.06135567872581645
-0.5302090486300196
-1.149841076214306
-1.6089406918379785
-2.2906603002030392
-2.371627832641704
-2.486192454308606
-2.8541327137657277
2.9350140779892895
2.538409794996888
1.9970857102090287
1.4119569717132383
1.2036285424060247
0.6064608292866206
0.22634421856311818
-0.02564876908006305
-0.49663464105755933
-1.1270858581083645
-1.5763542753196633
-2.2430409491240324
-2.3243001591363996
-2.4475787396772617
-2.8269137194838287
-3.1234972079052694
2.965562761221186
2.5648812753558623
2.025364221098064
1.4363401059855327
1.2250128294307396
0.6466827491886022
0.26777030903509247
0.009470387948403576
-0.4631281969828066
-1.1046134233162879
-1.543544192999384
-2.1955988122753367
-2.277155098506254
-2.4091047764676388
-2.799816421962463
-3.10356976692288
2.9950440760929293
2.5910121333711915
2.0534399277289133
1.4609059619604547
1.2462975443753272
0.686811097346308
0.3089429508095858
0.044011451340289366
-0.4296895939556792
-1.0824265850563368
-1.5105027784885872
-2.1483565638573463
-2.2302219773755443
-2.3708119155319713
-2.7728484203488875
-3.083134305528784
3.023358487924959
2.6167959260807696
2.081309000799995
1.4856751731004154
1.2674873541570635
0.7268288544709494
0.3498239435384922
0.07798371471230867
-0.3963186525379234
-1.060527324060208
-1.477221829757777
-2.101334349977302
-2.1835271029167718
-2.3327372651862404
-2.7460174645932542
-3.0620137401174237
3.050426104393438
2.642226543573615
2.1089676244844218
1.5106702692913019
1.288587233557082
0.7667167527278369
0.3903779076467947
0.11139586659680921
-0.3630151548192973
-1.038916802690343
-1.4436928017478539
-2.0545500980314113
-2.137094056760212
-2.294914327811108
-2.7193305843384317
-3.0400564832609818
3.076200962958937
2.6672983709475835
2.136411978701879
1.5359156652366883
1.3096024339404464
0.8064531016598157
0.43057253449938854
0.14425584749110543
-0.32977886517119787
-1.0175953793736905
-1.4099070190394898
-2.0080197456802398
-2.0909439426741154
-2.2573735052091912
-2.6927936055572834
-3.0171503906033648
3.1006830218313755
2.6920064758923217
2.163638223121646
1.561437615382504
1.3305384502119373
0.8460136695664657
0.47037874037978467
0.17657078418393685
-0.2966095528196939
-0.9965626223114536
-1.3758559064913953
-1.9617574151771326
-2.0450955913569793
-2.2201424899369053
-2.6664109265033984
-2.993234380117799
3.1239235771902316
2.7163468219682945
2.1906424836432037
1.5872641264315417
1.3514009861222775
0.8853716344272277
0.5097707377832777
0.20834698337811963
-0.2635070159312517
-0.9758173211505294
-1.3415312350726494
-1.9157755514865267
-1.9995657259422728
-2.183246561523552
-2.6401854596151937
-2.9683035013844945
2.7403165059887513
2.2174208421726
1.6134248174885817
1.3721959180421934
0.9244976181174868
0.5487260363242692
0.23958996915481912
-0.23047110700614232
-0.9553574948993698
-1.3069253795421087
-1.8700850377227933
-1.9543690924657982
-2.1467088051640046
-2.614118674202999
-2.9424050734535125
-3.137163613842107
2.7639140158242963
2.2439693305888593
1.6399507172743677
1.3929292573312635
0.9633598166292457
0.5872253842817223
0.27030455168925094
-0.19750175946831344
-0.9351803937618213
-1.2720315843196275
-1.8246952979790558
-1.9095185602472928
-2.110550268221343
-2.5882106959543756
-2.915626952378912
-3.116072615090063
2.7871395025081447
2.2702839298733393
1.6668739879323888
1.41360711144603
1.0019242371369579
0.6252526607490152
0.3004949174064503
-0.1645990154283157
-0.9152824916184086
-1.2368442340631334
-1.7796143950023307
-1.8650251977819519
-2.074790067605923
-2.5624604345338953
-2.8880818204123107
-3.0958327161525827
2.8099950578695703
2.296360575453318
1.6942275660447599
1.4342356439574704
1.0401550498792724
0.6627947275893477
0.3301647332323062
-0.13176305467948551
-0.8956594643850593
-1.201359126425792
-1.7348491280449527
-1.8208983302794943
-2.0394454591400017
-2.536865721140139
-2.859891940214654
-3.076282366686627
2.8324849862924517
2.3221951698845484
1.722044713903196
1.4548210336821519
1.0780150587784576
0.6998412498683151
0.3593172596597956
-0.09899422506948206
-0.8763061470358638
-1.1655737466951217
-1.690405134375357
-1.7771455853824487
-2.004531878436706
-2.5114234450331976
-2.8311773436464955
-3.0572662654568896
2.854616056891182
2.347783604060878
1.7503584781310062
1.4753694331735154
1.1154662893328426
0.7363844930235143
0.38795546900706207
-0.06629307447181108
-0.8572164579809449
-1.1294875482903908
-1.6462869962676356
-1.7337729337826921
-1.9700629615700762
-2.4861296827557577
-2.802048376860804
-3.038642822280658
2.8763977207729496
2.373121788185173
1.7792010585723874
1.4958869268694461
1.1524706855298479
0.7724191046145635
0.4160821665333627
-0.03366038466781993
-0.8383832724076957
-1.0931022507927441
-1.6024983537908473
-1.6907847313681452
-1.9360505527991585
-2.460979816794759
-2.7726020646864167
-3.020287817509864
2.897842277468583
2.398205693756543
1.8086030978654624
1.516379489247839
1.1889908994643303
0.8079418879808742
0.4437001130603761
-0.0010972075425246235
-0.8197982135015172
-1.0564221809266547
-1.559042022422224
-1.648183769109883
-1.9025047057403561
-2.435968642316192
-2.7429211739179262
-3.002095359086314
2.918964975354079
2.4230314078157433
1.838592910864662
1.5368529434013387
1.2249911484295921
0.8429515744679308
0.47081214848564384
0.03139509589931762
-0.8014513067786169
-1.0194547070361097
-1.5159201134776374
-1.6059713361087273
-1.869433683577646
-2.4110904617374525
-2.713074879086494
-2.983977214118652
2.939784033105256
2.4475952006351096
1.8691956822365567
1.5573129205029588
1.2604381052633689
0.8774486000590398
0.49742131613322477
0.06381481307222754
-0.783330396459706
-0.9822108656378122
-1.47313415465809
-1.564147300066684
-1.836843963099964
-2.3863391675433325
-2.6831202100097964
-2.9658613187031455
2.9603205728894784
2.471893607934874
1.9004326688901956
1.577764820692181
1.2953017798281738
0.911434891297709
0.523530988319152
0.09615983314149641
-0.7654201272471547
-0.9447063760925166
-1.4306852077047452
-1.5227102079899593
-1.8047402465232696
-2.361708314081498
-2.6531037602822916
-2.947689973802217
2.980598460843502
2.4959235285510455
1.9323204499286244
1.5982137759617787
1.329556344077704
0.944913664357732
0.5491449938625852
0.128427595220087
-0.747700084695088
-0.9069634514957468
-1.3885739802564492
-1.48165740827536
-1.773125484178842
-2.3371911792086006
-2.6230633684119318
-2.929418007523997
3.0006440559600605
2.5196823382750795
1.9648702690348532
1.618664615664163
1.363180851596447
0.9778892400747824
0.5742677485879919
0.1606150303065492
-0.7301411889912469
-0.8690143139698631
-1.3468009294905623
-1.4409851936279778
-1.7420009102375753
-2.312780816676258
-2.5930296355218814
-2.9110110376248044
3.0204858742210554
2.5431680203454854
1.9980875114993493
1.6391218352769654
1.3961598058384057
1.0103668767532286
0.5989043901725473
0.19271849560036775
-0.7126981436492389
-0.8309086172337625
-1.3053663559401691
-1.4006889626719465
-1.7113660927176015
-2.28847010009686
-2.563027232159925
-2.8924438851319136
3.0401541800542984
2.566379312823943
2.031971350028885
1.6595895690652622
1.4284835398776614
1.0423526216529315
0.6230609190255123
0.22473369954086342
-0.6952919990682441
-0.7927307217747225
-1.2642704869315868
-1.3607633968071804
-1.6812189981249097
-2.2642517592434763
-2.533075993153504
-2.8736991486762835
3.0596805214126666
2.589315872880321
2.0665145805598075
1.6800715672479856
1.4601483837351241
1.073853181276743
0.6467443472676424
0.25665561556343747
-0.6777645789372785
-0.7546450802758231
-1.2235135502811558
-1.3212026479623775
-1.6515560702442986
-2.2401184093361706
-2.5031918206645107
-2.8547659318589385
3.079097227603552
2.611978457912363
2.101703652987794
1.7005711782149187
1.4911566117401884
1.1048758099385705
0.6699628583311658
0.2884783821409346
-0.6597401256484049
-0.7170343825063712
-1.183095840148264
-1.2820005324775228
-1.622372321869609
-2.2160625738603796
-2.4733874230159594
-2.8356387110262653
3.0984368902709836
2.6343691235379847
2.1375188841588786
1.7210913362469187
1.5215161797173253
1.1354282155984075
0.6927259802428486
0.3201951861667052
-0.6401500042304538
-0.6809746246543906
-1.1430177782133102
-1.2431507264406474
-1.5936614376694782
-2.1920767013588187
-2.443672917346277
-2.8163163312193342
3.1177318477029146
2.656491438957817
2.1739348239860385
1.7416345550674202
1.5512402776314398
1.1655184815991162
0.7150447762991933
0.35179812613059996
-0.6160405143861419
-0.6494270565089613
-1.103279974633048
-1.204646958373105
-1.5654158859490368
-2.1681531765410496
-2.4140563215477293
-2.796801120049179
3.137013691121318
2.6783507211744193
2.2109207321582955
1.7622029274016728
1.5803467355733674
1.1951550027150537
0.7369320575991353
0.38327805083572924
-0.5844491927714768
-0.6253616252240217
-1.0638832945794745
-1.1664831961355329
-1.5376270367977418
-2.1442843259668476
-2.3845439572892637
-2.7770981110953388
2.6999542913094943
2.248441113787528
1.7827981305502492
1.6088573282654215
1.2243464338078431
0.7584026227587313
0.41462436861290025
-0.547986331034834
-0.6061751882393533
-1.0248289377180189
-1.128653826222971
-1.5102852840047563
-2.120462418482601
-2.355140782198351
-2.757214369530915
-3.1268724980462106
2.7213117590915346
2.286456257637001
1.8034214378049411
1.636797025229737
1.2531016493588603
0.7794735310588008
0.4458248211449719
-0.5096180593928735
-0.5889081401315927
-0.9861185399354109
-1.0911538251451998
-1.4833801681610965
-2.0966796605260964
-2.325850665908992
-2.7371584130311004
-3.1075273237511194
2.7424353459069097
2.3249227194064814
1.8240737353617478
1.6641932309201304
1.2814297121925249
0.8001644161905461
0.47686521519577785
-0.470449749075163
-0.5724606900763579
-0.9477543093005077
-1.0539789242823339
-1.4569004985285279
-2.0729281863659184
-2.2966766218137558
-2.7169397208537287
-3.088109261758313
2.7633402631817177
2.36379369318921
1.8447555442297643
1.6910750526566216
1.3093398498007227
0.8204978485044823
0.5077291049065609
-0.4308771480244135
-0.5564413596076518
-0.9097392120937638
-1.0171257714424755
-1.430834471510731
-2.049200043310359
-2.267621003989387
-2.6965683235728157
-3.068593707051731
2.7840451720849746
2.4030192143840985
1.8654670465095278
1.7174726256067732
1.336841436811368
0.840499753940714
0.5383974171704125
-0.3910731176099179
-0.5406798089650767
-0.8720772304522687
-0.9805920943583627
-1.4051697838815551
-2.025487171910484
-2.2386856768411776
-2.676054465536382
-3.0489584868693145
2.804572763758631
2.4425461344156427
1.8862081153286852
1.7434165147748584
1.3639439822996742
0.8601998971109485
0.5688480134314435
-0.35112996032602356
-0.5250839669084196
-0.8347737217651442
-0.9443768736431879
-1.3798937392794557
-2.001781381198307
-2.2098721634551133
-2.6554083318663917
-3.0291839962179177
2.824950518144798
2.4823177986911276
1.906978347682803
1.7689372051582937
1.3906571208085814
0.8796324334624602
0.5990551839312371
-0.31110617462046325
-0.5095925766413223
-0.7978359229574942
-0.9084805354634825
-1.3549933468398876
-1.978074319050061
-2.1811817773805795
-2.634639831798048
-3.0092532655721875
2.845211726361633
2.5222733410745315
1.9277770994356624
1.7940646836894898
1.4169906061167123
0.8988365297211759
0.6289890762985718
-0.2710442991045433
-0.4941564208530647
-0.761273662548745
-0.8729051776648658
-1.3304554111868823
-1.9543574378543382
-2.1526157415186926
-2.613758430380976
-2.9891519654640306
2.8653968996826347
2.5623464770832753
1.9486035217817488
1.8188281106883077
1.442954306960992
0.9178570408224109
0.6586150715083665
-0.23097864803882118
-0.47872931440394473
-0.7251003733170391
-0.8376548477213897
-1.306266613325488
-1.9306219558057922
-2.124175296899222
-2.5927730210066655
-2.968868354407555
2.885555741301969
2.602463630049897
1.969456598556513
1.843255574374377
1.468558204082415
0.9367452123789838
0.6878931395354809
-0.19093903916680038
-0.46326260242120904
-0.6893345433843397
-0.8027358972627956
-1.2824135822566198
-1.9068588143474412
-2.0958618033375944
-2.571691831832631
-2.9483931778821564
2.9057499281042154
2.642541156819874
1.990335183885683
1.8673739193788572
1.4938123881130947
0.9555593467220564
0.7167772381788652
-0.15095276492540846
-0.44770067667096863
-0.6540018093736373
-0.7681574468804176
-1.2588829573694942
-1.8830586325608953
-2.0676768332267246
-2.550522359885886
-2.927719526909496
2.926057035394445
2.6824813555992018
2.0112380397811385
1.8912086388823106
1.5187270579581527
0.9743653239531623
0.7452148652534838
-0.11104573092025266
-0.43197624705049203
-0.6191379857502441
-0.7339320075011739
-1.2356614418521363
-1.8592116596648525
-2.0396222589978437
-2.5292713273915917
-2.906842665119691
2.946576013956013
2.7221668626342024
2.032163873406567
1.9147838196801024
1.5433125194454214
0.993236805594608
0.7731469383067135
-0.07124317555163129
-0.4160044921314446
-0.5847934297564006
-0.7000763221649177
-1.2127358474981071
-1.8353077272359357
-2.0117003340507056
-2.5079446556415803
-2.885759833138447
2.9674346136029137
2.7614530590927338
2.0531113738409505
1.9381221298435405
1.5675791841180378
1.012254872120665
0.8005082524002625
-0.031570170208979065
-0.39967534272702543
-0.5510392019324465
-0.6666125158355757
-1.1900931313814502
-1.81133620331418
-1.983913766188603
-2.486547452457925
-2.8644700386892636
2.9887988164988175
2.800158439191852
2.074079248255304
1.9612448394505433
1.5915375681289936
1.0315067754041256
0.8272288367817322
0.007947997768371092
-0.38284341298413294
-0.5179752884627097
-0.633569671282605
-1.167720424926473
-1.7872859511882793
-1.9562657817946556
-2.4650840099964384
-2.8429738400615068
3.0108831849389883
2.838054047529134
2.0950662574849686
1.9841718659060892
1.6151982912629435
1.0510834632780146
0.8532365550734752
0.0472855041326945
-0.3653161484695317
-0.48574010961796926
-0.6009859829672852
-1.1456050559194026
-1.763145296344755
-1.9287601781705228
-2.443557810260498
-2.821273129624661
3.0339581405265634
2.874855979444405
2.1160712510251223
2.0069218365132326
1.6385720761588003
1.0710756196845783
0.8784612072018754
0.08641569754477484
-0.3468439890561384
-0.45451730972901583
-0.5689116652428984
-1.1237345640013028
-1.7389020057578348
-1.9014013606731388
-2.4219715362524368
-2.799370922957471
3.0583448425579176
2.910230285402781
2.1370932015038178
2.0295121620915366
1.66166974783808
1.0915682274886813
0.9028401274054159
0.12531082190993909
-0.32712361530997236
-0.42452858874548743
-0.5374127683844192
-1.1020967101506365
-1.7145432843065338
-1.8741943606085545
-2.4003270871779745
-2.7772711579894853
3.0843827196364835
2.9438252323023253
2.1581312386979303
2.051959116507807
1.6845022336592856
1.112634118570502
0.9263248146282893
0.16394174047084312
-0.3058349917849883
-0.39599185990477037
-0.5065758938400652
-1.0806794806147497
-1.6900557935101603
-1.8471448293931623
-2.3786255965435674
-2.754978507395832
3.1123588876423476
2.9753416937794674
2.1791846831581037
2.074277917949989
1.707080563819643
1.1343275197061056
0.9488875869150665
0.20227765567356015
-0.28272879388374766
-0.36902864449323364
-0.47651330444025836
-1.0594710856858345
-1.6654256978149606
-1.8202590044249312
-2.356867452353376
-2.732498206402724
3.0046248941182396
2.200253079502689
2.096482808622883
1.7294158725136108
1.1566789769469439
0.9705268759980019
0.2402858223656795
-0.25773602363091325
-0.3435505522263832
-0.44736677147034337
-1.038459953642373
-1.6406387431642666
-1.7935436425974127
-2.3350523189296015
-2.7098358971947567
-3.1407690740344725
3.031723486174496
2.221336229431949
2.1185871302720933
1.7515193998345768
1.1796929535396457
0.9912698641382846
0.27793125506319616
-0.231014460013047
-0.3192139548947656
-0.41930640255823654
-1.0176347200941476
-1.615680371371139
-1.76700591860614
-2.313179160155108
-2.6869974902920624
-3.1086911229018517
3.056869022017454
2.242434224504431
2.1406033935569986
1.7734024944745779
1.2033487497491906
1.011171809392674
0.31517643342157764
-0.2028819143606448
-0.2954991231386816
-0.39251820821693995
-0.9969842128790183
-1.590535871769153
-1.7406532872550389
-2.291246264177212
-2.6639890425970605
-3.074836195397754
3.080392246058368
2.2635474787083636
2.162543339805148
1.7950766172380306
1.2276044374060595
1.0303123574594644
0.3519810141079341
-0.17369709569713235
-0.2718591147977798
-0.3671743124554421
-0.9764974325648844
-1.5651905687442254
-1.7144933118691936
-2.269251269823245
-2.640816651297384
-3.0395473760928398
3.102635468399797
2.2846767608516974
2.1844179941041624
1.8165533453423754
1.2524027051531077
1.0487899303179078
0.38830156235951585
-0.1437747127403521
-0.24784967015676776
-0.3433879246425421
-0.9561635285100623
-1.5396300402239294
-1.6885334644813947
-2.2471911951658505
-2.6174863624432914
-3.003179659423987
3.123899754856512
2.3058232267826226
2.206237709037313
1.8378443774324544
1.2776772228449447
1.0667155631820429
0.4240913229082696
-0.11335670298138374
-0.22319983407302102
-0.3211714616905659
-0.9359717703311552
-1.513840358413805
-1.6627809072912363
-2.225062468843113
-2.5940040927811
-2.966047197645784
2.3269884514355055
2.2280121986616725
1.8589615391893317
1.3033583684095438
1.084207318689991
0.4593000577954543
-0.08261704734193849
-0.1978192405941481
-0.30042442613452763
-0.915911514517565
-1.4878083406157263
-1.6372422684019217
-2.2028609648856055
-2.570375563301262
-2.9284059851435007
-3.138757731105834
2.348174460669944
2.249750562577411
1.8799167893693802
1.3293776669544084
1.1013858916475996
0.49387398777918334
-0.05167717750321296
-0.17175567845384423
-0.28096041446885617
-0.8959721658167205
-1.4615217955510915
-1.6119234273131264
-2.1805820419293847
-2.5466062429347347
-2.890456723949918
-3.1187796472335916
2.3693837628284973
2.271461300158169
1.9007222260679044
1.3556707864668944
1.1183715131367218
0.527755883994406
-0.02062100016671801
-0.1451325673313655
-0.2625546015646999
-0.8761431328920428
-1.434969749905238
-1.5868293264238518
-2.158220587796751
-2.522701300890219
-2.852354934385744
-3.0992101965696413
2.390619379875479
2.293152315219584
1.921390092965296
1.3821792602513894
1.1352819275111836
0.5608853660110563
0.010493525856922656
-0.11809574645993179
-0.24498536375762137
-0.8564137776254193
-1.4081426412318312
-1.5619638234547055
-2.135771070499607
-2.498665566256666
-2.8142216686983845
-3.0799431558763772
2.411884877888234
2.314830911608095
1.9419327852836918
1.4088512456338993
1.1522310695805025
0.5931994692454644
0.04162621822584256
-0.09078190590075806
-0.22805766894245538
-0.8367733572963164
-1.3810324669224467
-1.5373295962205142
-2.1132275967550638
-2.474503493695069
-2.776152459708025
-3.0608981845575154
2.4331843965471047
2.336503780407852
1.9623628551598424
1.4356416371625946
1.1693280597486428
0.6246335454758098
0.07274909353211596
-0.06330570525574848
-0.21161037735766278
-0.8172109587186929
-1.353632884198688
-1.5129281060308566
-2.090583979088463
-2.4502191343094455
-2.7382241153823457
-3.0420139604197893
2.454522677104566
2.3581769797005876
1.9826930161267202
1.4625117967680663
1.1866762001601059
0.6551225506444379
0.10384259392871009
-0.035757794941562185
-0.19551444851205713
-0.7977154232526762
-1.325939262171926
-1.4887596200187723
-2.0678338125216396
-2.4258161111226406
-2.7004996570411977
-3.0232431519436895
2.4759050881013924
2.3798559080802875
2.002936146392134
1.4894290902721925
1.2043717525300515
0.6846027495234607
0.13489302652118718
-0.008207532389753745
-0.17966767085394797
-0.7782752614296651
-1.297948692908834
-1.4648232869297415
-2.044970561689991
-2.4012975989958476
-2.6630318355803633
-3.0045487927151777
2.4973376478355087
2.401545273428396
2.023105290608365
1.5163663536348564
1.2225023873971632
0.7130138236973294
0.1658908104893612
0.019293029500924944
-0.1639889322373766
-0.7588785557354736
-1.269659973196616
-1.441117256287063
-2.0219876589853487
-2.3766663093295834
-2.6258656105918696
-2.9859016730380064
2.5188270422765506
2.423249058797715
2.043213659841773
1.5433013618176032
1.2411453065581641
0.7403013077438728
0.19682926368718867
0.04670535224685834
-0.14841323398599685
-0.7395128498869098
-1.2410735716950398
-1.41763882801199
-1.9988786139697263
-2.3519244804756347
-2.5890398871610243
-2.9672784537145693
2.5403806367625617
2.444970487630745
2.063274629475323
1.5702163381967917
1.2603651491243084
0.7664192047018693
0.22770375264838785
0.07400128320219615
-0.1328877361989332
-0.7201650227145829
-1.2121915971977433
-1.3943846187122133
-1.9756371338383933
-2.3270738754722955
-2.5525887228143995
-2.9486602891839526
2.5620064794274797
2.466711990936874
2.0833017348076424
1.597097519976083
1.280211886170999
0.7913325598141031
0.25851109002168426
0.10116062595233598
-0.11736875630964158
-0.7008211445349785
-1.183017783010545
-1.3713507317491256
-1.9522572541282162
-2.302115789472721
-2.516542153714566
-2.9300318105225416
2.5837132939164036
2.488475179449203
2.10330866414872
1.6239347814369107
1.3007189727068018
0.81501972135788
0.28924910223794414
0.1281693039709971
-0.10181953859440462
-0.6814663136686409
-1.1535575004678256
-1.3485329203639758
-1.928733478176518
-2.277051070021574
-2.480926743678653
-2.9113803643449745
2.6055104585886846
2.510260824134809
2.1233092492507124
1.6507213091041886
1.3219020406436706
0.8374740101725637
0.31991631525816494
0.15501798609543593
-0.08620861168624255
-0.6620844705601967
-1.1238178119262328
-1.325926735991894
-1.9050609230610949
-2.251880154062029
-2.4457659279911117
-2.8926954354024725
2.627407969144462
2.5320688486859257
2.1433174529494416
1.6774533187943013
1.3437583715974915
0.8587045684872854
0.3505117225387348
0.1817010575331363
-0.07050858265767224
-0.6426581868150391
-1.093807570715183
-1.3035276568697691
-1.881235468932584
-2.2266031260782158
-2.411080202495367
-2.8739682025514743
2.649416381511988
2.5538983377005016
2.163347353923742
1.7041298025900573
1.3662672878601383
0.8787362611475209
0.381034610039628
0.2082158448355818
-0.05469525172670534
-0.6231684264445682
-1.063537572843162
-1.2813311947363153
-1.8572539078442365
-2.2012198018861975
-2.376887194203193
-2.8551911927877875
2.671546731986764
2.5757475640821803
2.183413128500566
1.7307522931514299
1.3893914657421187
0.8976086372763428
0.41148442017648246
0.23456202638664195
-0.03874696193908983
-0.6035942767986084
-1.0330207629116384
-1.259332979587805
-1.8331140874660803
-2.1757298420062128
-2.343201640677723
-2.836358008381252
2.693810432108804
2.597614038663562
2.2035290294386223
1.7573246329141543
1.4130790415740082
0.915374094432038
0.4418606413194112
0.26074117845752776
-0.022644121545986953
-0.5839126471998508
-1.0022724946246049
-1.237528824001904
-1.8088150445266793
-2.15013289697571
-2.3100353004407945
-2.8174631092998177
2.716219136677164
2.6194945841072994
2.2237093616073142
1.7838527364086394
1.4372662804265934
0.9320954872635316
0.4721627125407758
0.28675642074675445
-0.006368853995120471
-0.5640979343895105
-0.9713108442684063
-1.215914769498796
-1.784357122545801
-2.1244287841338143
-2.277396814778587
-2.798501638096064
2.73878458466977
2.6413854337287934
2.2439684544354463
1.810344335074822
1.4618805317223942
0.9478434679740413
0.5023899352819273
0.31261213538933846
0.01009525716830349
-0.5441216558482422
-0.9401569731810683
-1.1944871178652796
-1.7597420684873943
-2.098617691226077
-2.245291541899224
-2.779469277928428
2.7615184146381218
2.663282354037707
2.2643206309328163
1.8368086955832617
1.4868432063139843
0.9626938346655428
0.5325413847206429
0.33831374061750075
0.02676335237695417
-0.5239520552913655
-0.90883553199153
-1.173242450440629
-1.7349731034324072
-2.0727003968642643
-2.21372138668423
-2.760362136865057
2.784431958269818
2.6851807876251206
2.284780172984626
1.8632563048727262
1.5120725621991793
0.9767251099539094
0.5626158140118103
0.3638675053736334
0.04364942671825391
-0.5035536897111599
-0.8773750946096454
-1.1521776381712272
-1.7100549632689295
-2.0466784921183976
-2.1826846522477124
-2.7411766533830186
2.807536018049892
2.707076010739303
2.305361282485357
1.8896985179549732
1.537486159027111
0.9900164979635648
0.5926115442696117
0.38928039481628
0.060766420390250465
-0.48288701494001546
-0.8458086027912475
-1.1312898448847102
-1.6849939066982906
-2.0205545825151385
-2.152175941783171
-2.721909519241744
2.8308406370113515
2.7289632977909077
2.326078037718489
1.9161471680476136
1.5630029142816981
1.002646293714232
0.6225263320777318
0.4145599392593033
0.07812627894423772
-0.4619079975952186
-0.8141737917468612
-1.110576525793035
-1.6597976894853224
-1.994332447024964
-2.122186139111841
-2.702557616823025
2.8543548701084243
2.7508380834492234
2.3469443442097804
1.9426141427166372
1.5885447526106533
1.0146907592250787
0.6523572042465874
0.4397141209535556
0.0957399910526379
-0.44056779609028346
-0.7825135529934418
-1.090035422764279
-1.6344755057164433
-1.968017131744653
-2.0927024924684243
-2.683117968691281
2.8780865674571015
2.772696112254609
2.3679738790977067
1.9691109342588058
1.6140378783823828
1.0262234417991694
0.6821002461005272
0.46475127447763803
0.11361760990763885
-0.4188125723369381
-0.7508761722419609
-1.069664557441701
-1.6090378987119422
-1.9416149617740333
-2.063708817608249
-2.663587697606857
2.902042179350308
2.794533565996763
2.389180027892142
1.995648177201426
1.6394137208215904
1.0373148922817548
0.7117503241222158
0.4896799975004333
0.1317682631737928
-0.39658351788288215
-0.7193153584761879
-1.0494622228593924
-1.5834966459968591
-1.9151334648882874
-2.035185823783578
-2.643963995572154
2.926226591522824
2.8163471605451096
2.410575812355032
2.022235190077574
1.6646096053063646
1.048032741845688
0.7413007152271713
0.5145090694181486
0.15020015555809343
-0.37381720053533146
-0.6878899584879022
-1.02942697381813
-1.557864624203134
-1.8885812132412059
-2.007111551429735
-2.624244100739772
2.9506429967658843
2.8381342062164854
2.432173808161544
2.0488795419876134
1.689569199119377
1.0584421118687608
0.7707426014987933
0.5392473759250197
0.16892056743470368
-0.35044635383613065
-0.6566632351556356
-1.0095576159486699
-1.5321556608216258
-1.861967601676981
-1.979461896463618
-2.6044252811896804
2.9752928060055566
2.8598926287959205
2.4539860510180875
2.075586666309284
1.7142427702237493
1.0686063611779448
0.8000643678957934
0.56390383799775
0.18793585250701372
-0.32640123197360177
-0.6257015877930469
-0.9898531931044572
-1.5063843802635193
-1.8353025903031748
-1.95221118597803
-2.5845048247073876
3.0001755988046472
2.881620951548856
2.4760239300577678
2.102359543794022
1.7385872873573642
1.0785882199362338
0.829250606232484
0.5884873440933576
0.20725143716657324
-0.301611623474105
-0.5950726223151467
-0.9703129724908599
-1.4805660517014598
-1.8085964426972
-1.9253327659219122
-2.564480033781157
3.0252891103764306
2.9033182415238206
2.498298067634835
2.1291984749243165
1.762566381363883
1.0884514259646176
0.8582806731734823
0.6130066845974037
0.22687182398872416
-0.2760095453029999
-0.5648425507951962
-0.9509364267537364
-1.4547164456762895
-1.781859488979623
-1.8987995635604074
-2.54434822509497
3.0506292499772876
2.924984025777915
2.520818185125692
2.156100956851013
1.7861501823654518
1.098263080209878
0.8871265589687047
0.6374704877284234
0.24680060167340293
-0.24953251970486565
-0.5350730193348697
-0.9317232121144465
-1.4288517055559997
-1.755101936101483
-1.8725845949143387
-2.524106732833434
3.076190144186382
2.946618184645857
2.5435929550303085
2.183061673859686
1.8093150452540234
1.1080970956210294
0.9157496744244109
0.661887156207441
0.2670404636865838
-0.2221271820802842
-0.50581761720992
-0.9126731415527893
-1.4029882387350936
-1.728333738217319
-1.8466613977196524
-2.5037529151431217
3.1019641981259647
2.968220829772592
2.566629840556625
2.2100726028085282
1.8320431764447491
1.1180393610221806
0.9440959229408797
0.6862648040381972
0.2875932378808139
-0.19375281716269835
-0.47711847126770923
-0.8937861520029786
-1.3771426310915122
-1.7015645303080547
-1.821004381238327
-2.483284163117689
3.12794216801824
2.989792174440835
2.589934924940773
2.2371232271936736
1.8543221769084062
1.1281956133774655
0.9720880577891482
0.710611192705208
0.30845992947301065
-0.16438433022903765
-0.44900342006020516
-0.8750622645426454
-1.35133158679916
-1.6748036201286798
-1.7955890935229462
-2.4626979116975765
3.011332402945648
2.6135127339607735
2.264200846316817
1.8761445190933712
1.1387034858057326
0.9996138547346517
0.7349336659678134
0.32964077993825697
-0.13401418478902782
-0.4214842374841684
-0.8565015366214986
-1.3255718942321906
-1.6480600280746434
-1.770392413391417
-2.4419916519033635
-3.129072067768165
3.0328415446295645
2.637366056362913
2.291290960209947
1.8975069775115363
1.149750458004504
1.0265083737430194
0.759239082184284
0.35113534464558077
-0.10265299750926679
-0.39455621644016675
-0.8381040054968715
-1.2998804174724772
-1.6213425618435413
-1.7453926781726665
-2.4211629438601467
-3.1027202004811474
3.0543193569121203
2.661495768132303
2.3183777070267744
1.9184100338412866
1.161598102556917
1.0525299189262924
0.7835337427046993
0.37294259242284866
-0.0703287377167543
-0.36819916656597684
-0.8198696222188129
-1.2742741118927658
-1.5946599123841074
-1.7205697596176162
-2.400209430121365
-3.0762012562072614
3.075765220397319
2.685900667572075
2.3454443277594725
1.938857277092444
1.174605907762328
1.0773364205201217
0.8078233142707417
0.395061030699394
-0.03708474914008265
-0.342379610031196
-0.8017981757392945
-1.2487700614548536
-1.5680207588701724
-1.6959050999111083
-2.3791288488678317
-3.049530292546436
3.0971780480336104
2.710577328868132
2.3724736333263428
1.9588548177112513
1.1892275820279545
1.1004893398857651
0.8321127424762597
0.4174888604400438
-0.002977006410307982
-0.3170537649019975
-0.7838892070102892
-1.223385534729588
-1.5414338725919667
-1.6713817181908186
-2.357919046643015
-3.0227236348175075
3.118556209389546
2.7355199820750586
2.3994484510329768
1.9784107317495903
1.2059245707059099
1.1215403743244414
0.8564061520575248
0.4402241657490646
0.03192891258785167
-0.2921708375618524
-0.7661419132856281
-1.1981380561876975
-1.5149082121304573
-1.6469841959842244
-2.3365779903896535
-2.99579880813441
3.139897470406679
2.7607204271590597
2.4263520307416404
1.9975345477854511
1.2249714635662226
1.1402262931346059
0.880706727922579
0.4632651437685134
0.06756070982472878
-0.2676761987843478
-0.7485550432546215
-1.17304548898842
-1.488453004568853
-1.6226986479441712
-2.3151037786750845
-2.9687744712357094
2.786167988822442
2.453168395347633
2.0162367855889682
1.2462840125202534
1.1566411975101039
0.9050165681307909
0.4866103812754104
0.103841804061256
-0.24351414595596924
-0.731126784115294
-1.1481261252587303
-1.4620778095723583
-1.5985126824561742
-2.293494652130591
-2.9416703502976036
-3.121986358698478
2.811849517326763
2.4798826249228543
2.0345285519523926
1.2694649217161476
1.1711910580600313
0.9293364960925922
0.5102591850991597
0.1406931654066575
-0.2196301002750211
-0.7138546422474612
-1.1233987796587515
-1.4357925648435619
-1.5744153552259075
-2.2717490032803025
-2.9145071707003574
-3.1007282248060206
2.8377494385202797
2.5064810687537666
2.05242119591613
1.2940143876832162
1.1843835736318298
0.953665813452219
0.534211973951536
0.17803451366849427
-0.19597221090890468
-0.6967353197768378
-1.0988828818171392
-1.4096076127370654
-1.5503971178610199
-2.249865386090928
-2.887306584635678
-3.0795176909630224
2.8638498539217063
2.5329514841360945
2.069926022985333
1.319494618129741
1.1966641524184127
0.9780019664716215
0.5584707391589969
0.21578492801001536
-0.17249241977780352
-0.6797645900383663
-1.0745985629475052
-1.3835337087439534
-1.52644976270885
-2.2278425257275427
-2.86009109250355
-3.0583597104400884
2.8901306892292595
2.55928310491671
2.087054065901117
1.3455796640407496
1.2083667228330621
1.0023400857365192
0.5830395805520354
0.2538629568545385
-0.14914708139862057
-0.6629371757548915
-1.0505667315840261
-1.3575820132050263
-1.502566364747185
-2.2056793291430647
-2.8328839562218224
-3.0372599244409133
2.9165698872455565
2.585466646183304
2.103815908088689
1.3720421073529248
1.2197278932545044
1.0266723393007589
0.6079253204810495
0.2921863296557837
-0.12589724231891047
-0.6462466346455765
-1.0268091328740296
-1.3317640680521106
-1.4787412210863855
-2.183374897248376
-2.8057091028359946
-3.0162246414229426
2.943143639153889
2.6114942540529786
2.1202215549831607
1.3987253376011675
1.2309158182106934
1.050987009373119
0.6331381921476387
0.33067136978042255
-0.10270867633480933
-0.6296852581554411
-1.0033483852292047
-1.306091760672493
-1.4549697885701594
-2.1609285394949285
-2.778591017152489
-2.9952608062906414
2.969826646522333
2.6373594111357783
2.136280347939938
1.4255200090967197
1.2420553156199416
1.0752671570659786
0.6586925860059403
0.3692322025286588
-0.07955175495259634
-0.6132439900215829
-0.980207987381936
-1.2805772771913482
-1.4312486200087267
-2.1383397917392784
-2.751554622512952
-2.974375960581793
2.996592405453531
2.663056808958867
2.152000915272884
1.4523476777133992
1.2532464399961247
1.0994886716486665
0.6846078169074361
0.4077798538514656
-0.05640121401284035
-0.5969123724014125
-0.9574122880709278
-1.2552330476069051
-1.4075752997014426
-2.1156084382383904
-2.724625149269213
-2.953578194800491
3.02341350396513
2.688582198513723
2.167391155039555
1.4791501730382697
1.2645782567825126
1.1236174036755686
0.7109088412575858
0.446221350837362
-0.033235860592210564
-0.5806785281811072
-0.9349864097881848
-1.2300716853173912
-1.3839483790760665
-2.0927345385359293
-2.697827991000242
-2.932876094078212
3.050261923931918
2.7139322292719927
2.1824582444312624
1.50588282803489
1.2761401196004056
1.1476049583934809
0.7376268042243315
0.48445896945889155
-0.010038250652121198
-0.5645291887046392
-0.9129561174102223
-1.205105923662628
-1.3603673134674712
-2.0697184598379534
-2.6711885490254907
-2.9122786783640326
3.0771093396440383
2.739104285685232
2.1972086709680227
1.5325101614333778
1.2880323849575799
1.1713826203003412
0.7647992309680883
0.5223898295832284
0.013205642398826769
-0.5484497763029066
-0.8913476223191124
-1.1803485521739259
-1.3368324012645738
-2.046560915238947
-2.6447320663018323
-2.8917953383510966
3.1039274060994058
2.764096328531678
2.2116482810988325
1.559003097679944
1.3003779273446798
1.1948529623342043
0.7924695990457102
0.5599061053223466
0.036506755424747954
-0.5324245503967124
-0.870187313057747
-1.1558123552878465
-1.3133447268646172
-2.0232630078515266
-2.6184834523318594
-2.8714357683362977
3.130688031408066
2.7889067466859045
2.225782342235985
1.5853371544350714
1.313334698735786
1.217879467953174
0.820685962039491
0.5968961792848245
0.05987325179263582
-0.5164368243049416
-0.8495014049484706
-1.1315100563322467
-1.289906109086495
-1.9998262805261227
-2.592467101241844
-2.851209897178664
2.8135342231246447
2.239615614688269
1.6114912460634423
1.3271067379927937
1.2402771160189605
0.8494982793860141
0.6332470791525179
0.08331082164488213
-0.5004692569379972
-0.8293155037063571
-1.107454269634936
-1.2665190569145084
-1.9762527704388555
-2.5667067056872335
-2.8311278184672286
-3.1258216781722825
2.837977617368158
2.253152430389413
1.6374468850290538
1.341944860077274
1.2618129228892674
0.8789542081308956
0.6688484297170848
0.10682296383593032
-0.48450421911934916
-0.8096540820732163
-1.083657463631063
-1.2431867346808403
-1.9525450674014873
-2.5412250696874468
-2.811199720929446
-3.0992579605207156
2.862235865173793
2.266396775738385
1.6631876441099551
1.3581201624006727
1.282233451169529
0.9090933915281789
0.7035978697235495
0.130411248428395
-0.4685242283698542
-0.7905398738703334
-1.060131937846902
-1.2199129390662762
-1.9287063743373984
-2.516043923852763
-2.7914358200071185
-3.0728320368347357
2.8863078951910435
2.279352376273893
1.6886987918223166
1.375856767346019
1.3013329684972403
0.9399407425949279
0.737407414197091
0.15407555939375753
-0.4525124389184875
-0.7719931963090524
-1.0368898165979514
-1.1967020906279358
-1.9047405680046947
-2.491183746716166
-2.7718462913997035
-3.0465687050297148
2.910192561465542
2.2920227812949303
1.7139670440558936
1.3952457361289543
1.3190404005370029
0.9714997464536588
0.7702097097869585
0.17781431759153965
-0.43645316614225527
-0.7540312182440623
-1.0139430621299756
-1.1735592429833825
-1.8806522577660942
-2.4666635959964602
-2.7524412072278954
-3.020491495184386
2.933888590128611
2.30441144691237
1.7389803941741695
1.4162059118664776
1.3354593917443396
1.0037471313416573
0.8019627937567406
0.20162468434454403
-0.42033241761973683
-0.7366671982916951
-0.9913035097017578
-1.1504901133368997
-1.8564468400350134
-2.4425009535750837
-2.733230475307925
-2.9946225435024196
2.9573945382976796
2.3165218163733647
1.763727996158765
1.4385300422395808
1.3508231998664093
1.036630103886114
0.8326521049665715
0.22550274607241763
-0.40413839778151034
-0.7199097211330224
-0.9689829266709943
-1.1275011387847524
-1.8321305459916655
-2.4187115877550607
-2.7142237818534642
-2.968982491104076
2.980708763100177
2.32835739684064
1.7882000834195704
1.461972083576297
1.365408617281981
1.0700666368281804
0.8622891768041487
0.24944368054305255
-0.387861951030616
-0.7037619616880936
-0.9469930968552956
-1.1045995638606187
-1.8077104802750352
-2.3953094359852023
-2.695430537743092
-2.943590406518523
3.0038293987764684
2.339921832133933
1.8123879112408317
1.4863119686294521
1.37947276791333
1.103948302115899
0.8909073967235359
0.2734419053799771
-0.37149691012880137
-0.6882210043888972
-0.9253459300626233
-1.081793566183247
-1.7831946486163328
-2.3723065106863843
-2.6768598283114295
-2.9184637306047057
3.0267543399731354
2.351218971250666
1.8362837144592992
1.5113801238139732
1.393230685859728
1.1381443141374976
0.9185559815267083
0.29749120953703895
-0.3550403228875954
-0.6732772384612233
-0.9040535943456405
-1.0590924289831327
-1.7585919727742725
-2.3497128301342936
-2.658520366446603
-2.8936182425812684
3.0494812295693925
2.3622529327797768
1.8598806744756644
1.5370566291675725
1.4068590711009974
1.1725051026233262
0.9452935643804972
0.3215848685242749
-0.3384925402022147
-0.6589138409297424
-0.88312866465145
-1.036506771891878
-1.7339122916358716
-2.32753637556972
-2.6404204486085825
-2.8690680458703985
3.0720074496545893
2.3730281656085386
1.8831728914633967
1.5632614201230919
1.42051025634291
1.2068638520892814
0.9711825266458917
0.34571574424025114
-0.32185716083658844
-0.6451063490283325
-0.8625842752392204
-1.0140488549052737
-1.7091663479219945
-2.305783074868581
-2.622567913224977
-2.8448255725382827
3.094330114568037
2.383549506600981
1.906155358902523
1.5899438346392922
1.434328706998222
1.2410347678765354
0.9962846914065875
0.3698763703336119
-0.3051408411890101
-0.6318223157433529
-0.8424342532598551
-0.9917329751590792
-1.684365760541949
-2.284456812259379
-2.6049701007735266
-2.820901605232987
3.1164460652046646
2.393822236203585
1.928823938488775
1.6170741017181858
1.4484682641201005
1.2748071398729703
1.0206585038385685
0.394059024076241
-0.28835298953982963
-0.6190210397625441
-0.8226931955068533
-0.9695759823982879
-1.6595229832308185
-2.2635594627759414
-2.587633814722758
-2.7973053156704966
3.1383518640673347
2.403852133217067
1.9511753341594804
1.6446369673961727
1.4631106420974773
1.3079346909585143
1.0443575052377894
0.41825578577979433
-0.27150537240448425
-0.6066533676210908
-0.8033764274040414
-0.9475979470588641
-1.6346512506350794
-2.2430909494235634
-2.5705652823704477
-2.7740443188972685
2.413645530272688
1.9732070645130086
1.672626973160153
1.478485150505676
1.3401210525356362
1.0674297754443336
0.442458586823317
-0.2546116647244678
-0.5946615843444083
-0.7844997505663917
-0.9258230247931037
-1.609764513451785
-2.2230493204540123
-2.5537701144880884
-2.75112474276329
-3.1231415163796665
2.4232093718813683
1.9949174333396453
1.7010448545788723
1.4948852211029988
1.371006647841838
1.0899180152499488
0.46665924738148395
-0.23768697570292843
-0.5829794412107016
-0.766078841482448
-0.9042805725227909
-1.584877364549684
-2.2034308437141847
-2.537253262540086
-2.7285513122767346
-3.1016674690207164
2.432551277302755
2.0163054983834536
1.7298946530192223
1.5126664214302168
1.4001729781405485
1.1118599999173973
0.49084950495010016
-0.22074737881483691
-0.5715324147100307
-0.7481281110389748
-0.8830065816791125
-1.5600049581949078
-2.184230114766202
-2.5210189720878504
-2.7063274487864235
-3.080415598607097
2.4416796109336323
2.0373710388758393
1.7591812765378845
1.532195786052826
1.4271949378722992
1.1332892104291818
0.5150210347586069
-0.2038094690007694
-0.5602383437665728
-0.730658782501231
-0.8620454989052759
-1.535162924569051
-2.1654401753724004
-2.5050707307978453
-2.684455384261193
-3.0593904955838873
2.4506035634733188
2.0581145228996984
1.788908367347296
1.553730094360782
1.451763797210391
1.154235516511137
0.5391654631399876
-0.18688996349735687
-0.5490086387821675
-0.7136759188544473
-0.8414524912981454
-1.5103672817141098
-2.1470526389841074
-2.4894112092319918
-2.6629362913175116
-3.0385970444852264
2.4593332478318817
2.0785370763694235
1.8190764260161028
1.5772725474475946
1.4738315213987985
1.1747258367005644
0.563274374898375
-0.17000535621995363
-0.5377502702867175
-0.6971741777762535
-0.82129615827962
-1.4856343468856574
-2.1290578200472012
-2.474042192290072
-2.6417704301028215
-3.0180404232908153
2.467879814664091
2.098640456525473
1.8496812060483268
1.6025346625845258
1.4936496294814452
1.1947847358744648
0.5873393156760295
-0.15317162984739144
-0.5263686905384148
-0.6811322728959561
-0.8016615521125504
-1.4609806490672381
-2.1114448642132624
-2.4589644987757047
-2.620957313687773
-2.9977261003276277
2.4762555936197717
2.1184270346417726
1.880712425213544
1.6290522488143797
1.5116536917906462
1.2144349429757004
0.6113517902765941
-0.13640402518033226
-0.5147716835316171
-0.6655065738606906
-0.7826530778012508
-1.436422844122198
-2.0942018768937323
-2.4441778860487733
-2.6004958942715843
-2.97765982808291
2.4844742680129124
2.1378997956528507
1.9121528406577166
1.6563465986947319
1.5283022753426352
1.2336977848931674
0.6353032578534064
-0.1197168640774389
-0.5028738724611634
-0.6502250597515093
-0.7643963309092522
-1.4119776337597165
-2.0773160479864594
-2.4296809360888014
-2.5803847732736296
-2.957847633282605
2.4925510927862007
2.1570623675678586
1.9439777050454876
1.6840208448254892
1.5439803476342713
1.25259353968832
0.6591851248209522
-0.10312342023391123
-0.49060129817672443
-0.6351838807034951
-0.7470372092195842
-1.3876616891952234
-2.0607737710149374
-2.4154709185170202
-2.560622439275913
-2.938295802603796
2.5005031686132027
2.1759191026148854
1.9761545668557314
1.7117823807087627
1.5589762366934885
1.2711417159021385
0.6829887362978126
-0.08663583105011735
-0.4778952514286054
-0.6202496621928414
-0.7307359864476914
-1.3634915801106595
-2.0445607553274243
-2.401543625219924
-2.5412075387767192
-2.9190108634291065
2.508349789064509
2.1944752484668957
2.0086433083422066
1.7394286825770582
1.5734948555923516
1.2893612660626124
0.7067053668408079
-0.07026504359688901
-0.46471455163206654
-0.6052704630448281
-0.7156542500784047
-1.3394837092842753
-2.028662130390401
-2.3878931702395425
-2.5221391857566338
-2.899999559116398
2.516112883446224
2.212737278534177
2.0413962359358675
1.766824662698329
1.5876791476818737
1.3072707427213213
0.7303262111841057
-0.05402078797590238
-0.4510357846489693
-0.5900958060008805
-0.7019347776707592
-1.315654253073778
-2.0130625415666343
-2.3745117476815647
-2.503417317002081
-2.8812688183477992
2.5238175859025107
2.2307135097232074
2.074357945224263
1.7938827238429496
1.6016286949724095
1.3248884049668388
0.7538423756543473
-0.03791157199164609
-0.4368515413120681
-0.5746014031998119
-0.6896786927101277
-1.2920191078087722
-1.9977462370858625
-2.3613893398286785
-2.4850431006887748
-2.86282571823874
2.5314929726958963
2.2484152566102975
2.1074645469143056
1.8205478039761547
1.6154133169271856
1.3422322827278328
0.7772448708928503
-0.021944691834753987
-0.42216720516775935
-0.5587098544508753
-0.6789280780996454
-1.2685938420828158
-1.9826971461931329
-2.3485133679786943
-2.4670194053496064
-2.844677441029756
2.5391730257647187
2.2658590288311746
2.1406415813032607
1.846786778936848
1.629082393542015
1.3593202054683011
0.800524606479151
-0.006126254309450972
-0.40699710759116003
-0.5423990734786455
-0.6696614776017663
-1.2453936549341675
-1.9678989486960123
-2.335868280730714
-2.449351334062097
-2.8268312243497085
2.546897903907692
2.283070864777951
2.173799366612323
1.8725810845890918
1.642671125959053
1.3761698011749517
0.8236723880141857
0.009538793054051397
-0.3913608354999568
-0.5256964177076375
-0.6618035272645774
-1.222433339969291
-1.9533351363304514
-2.3234350801600585
-2.4320468228496352
-2.8092943052270183
2.5547156363087398
2.300095322553696
2.206823096844561
1.8979215979337034
1.6562047387899683
1.3927984708762715
0.8466789171859104
0.025046626923254392
-0.3752802318791428
-0.5086635343758645
-0.6552431658640947
-1.1997272556151517
-1.9389890665289389
-2.311190798131966
-2.415117290323164
-2.79207385823088
2.562684400382974
2.3170153848988715
2.239551250810376
1.9228050879399559
1.6697013284755409
1.4092233433203498
0.8695347953022143
0.04039451039681502
-0.3587773237347973
-0.4913793905294787
-0.6498527234625356
-1.1772893018889492
-1.924844009308651
-2.299107956573311
-2.39857830383481
-2.775176928341634
2.570875610515128
2.3339998704895812
2.2717254962022615
1.9472317639475885
1.6831738228284183
1.4254612138711804
0.8922305307335412
0.055580754271526166
-0.34187316170546217
-0.4739266621004303
-0.6455027291875766
-1.1551329043530913
-1.9108831881055799
-2.287154081236173
-2.3824501914960297
-2.758610359370923
2.5793781249178918
2.351422432013562
2.3028677186687614
1.9712035995657446
1.6966313525174779
1.441528471155952
0.9147565506574473
0.07060467861060203
-0.3245874051995591
-0.4563830792306941
-0.6420710070100221
-1.1332710062900664
-1.8970898154667124
-2.2752913916931172
-2.3667584759955616
-2.7423807189680636
2.5883039554373544
2.370131917636561
2.3320040396347577
1.9947232097616074
1.7100802282992627
1.45744101450674
0.9371032174368166
0.08546657551083904
-0.30693842794709486
-0.43881702464412514
-0.6394469868912089
-1.1117160706053815
-1.8834471245793687
-2.263476858807563
-2.3515339374448705
-2.7264942214483985
2.597795866777161
2.391640352812757
2.3574692067636427
2.0177931253512584
1.7235246495619045
1.4732141647910806
0.9592608498889396
0.10016767367033604
-0.28894372150462944
-0.42128597834643905
-0.6375328587257292
-1.0904800935769163
-1.8699383976664101
-2.251662888628385
-2.336812044591938
-2.710956649850357
2.6080369636610743
2.4167637541714324
2.3782560726896285
2.0404153543451273
1.7369672263553517
1.4888625708228644
0.9812197496117733
0.11471010512611914
-0.27062040994953235
-0.40383658017567614
-0.6362429816232087
-1.0695746333621017
-1.856546992308865
-2.239798918228687
-2.3226314670305293
-2.6957732787585704
2.619261259264971
2.4441016371966096
2.3955253295036916
2.0625911510587294
1.750409369363703
1.5044001131956495
1.0029702324234058
0.12909687435061282
-0.251985738136483
-0.3865054966426418
-0.635502495866077
-1.0490108572217578
-1.8432563667735684
-2.227834127621254
-2.309031462331663
-2.680948799510053
2.631761257442784
2.4718495130025073
2.410785189693935
2.0843209361318036
1.7638515844162952
1.5198398070936108
1.0245026648403268
0.14333182975861586
-0.23305744697300837
-0.36932063146882144
-0.635245679346788
-1.028799612827439
-1.8300501054204301
-2.215721215789993
-2.2960481880966843
-2.6664872494202254
2.6458826028198215
2.498883086924528
2.4248122614359504
2.1056043264071067
1.7772936965018309
1.5351937054172453
1.045807505368287
0.15741963757308322
-0.21385399556349338
-0.35230244361078084
-0.6354143175350021
-1.0089515309499166
-1.816911945240218
-2.2034207622376165
-2.283710415629627
-2.652391946620393
2.661988512616275
2.52451450494288
2.4379305698282963
2.1264402448000967
1.7907350205818562
1.5504728034160233
1.0668753502083206
0.17136575792237396
-0.1943946276444803
-0.3354652567050659
-0.6359561955792278
-0.9894771695228968
-1.8038258045255375
-2.1909052540702625
-2.272035563451363
-2.6386654319866434
2.6803793315591595
2.5483103815909285
2.450273658146144
2.1468270880582496
1.8041744913785545
1.5656869459479905
1.0876969827930523
0.18517642298804624
-0.17469930608639023
-0.318818500598329
-0.6368237342155989
-0.9703872129065049
-1.7907758146014898
-2.178161691255883
-2.261027136495638
-2.625309419465274
2.701184382850836
2.570087248538253
2.4618969644856046
2.1667629355380904
1.8176107608433274
1.5808447384819522
1.1082634263702067
0.19885861698624566
-0.15478855376537629
-0.30236785072612654
-0.6379727459970673
-0.9516927456972742
-1.7777463554345265
-2.1651920100401245
-2.2506743298002685
-2.6123247558699383
2.724292504391709
2.589934143641375
2.4728243715302
2.186245785483537
1.8310422696273136
1.5959534630109555
1.128565998649196
0.21242005774389722
-0.13468324305778925
-0.2861162434829103
-0.6393612639660128
-0.9334056284914961
-1.7647220957951868
-2.1520112910869194
-2.2409538293221254
-2.599711390952798
2.7493823978874246
2.608160788634713
2.4830693601317835
2.2052738073026275
1.844467297209074
1.611019000142518
1.1485963673337514
0.22586917962115138
-0.11440437224544239
-0.27006475438052696
-0.6409483783276829
-0.9155390148839313
-1.7516880384696292
-2.1386444396710123
-2.2318331222092263
-2.587468358251163
2.7760304365637967
2.6251790464393046
2.4926454366524995
2.2238455994507342
1.8578839941516605
1.6260457587516255
1.1683466051898914
0.23921511753069682
-0.09397285852546383
-0.25421333374424093
-0.6426929997340204
-0.8981080665804767
-1.7386295707965034
-2.125122350761069
-2.2232743038679703
-2.5755937669003246
2.8038173159316786
2.641390919526099
2.5015711951565596
2.241960443110194
1.871290399110659
1.6410366147066167
1.1878092431587821
0.25246769181137463
-0.07340936714372513
-0.2385614021172768
-0.6445524444722102
-0.8811309495773737
-1.7255325205503578
-2.111478429142023
-2.2152375124005044
-2.56408480429966
2.832386315168269
2.657128140484179
2.509872202983739
2.2596185422199113
1.884684442598186
1.6559928602821166
1.2069773199311098
0.2656373937254054
-0.0527341866675931
-0.22310831374582846
-0.6464807018855273
-0.8646302326357845
-1.7123832169056303
-2.097745940497749
-2.2076835157721817
-2.552937749239559
2.8614572443674917
2.6726381361833265
2.517580860377342
2.2768212407997916
1.8980639390628968
1.6709141659337268
1.225844426365773
0.2787353713613318
-0.03196715285024579
-0.20785370092195357
-0.648426192817062
-0.848634863982694
-1.699168555905062
-2.0839562869381054
-2.200575360052676
-2.5421479948556027
2.8908179035233945
2.6880937292570946
2.5247350516224687
2.2935712091065867
1.9114265685363288
1.6857985561069813
1.2444047431726386
0.2917734157357392
-0.01112761832191915
-0.19279771442190327
-0.6503287572630143
-0.8331829755272268
-1.6858760695337076
-2.070138066295912
-2.1938792217423524
-2.5317100805833483
2.920309187548322
2.7036097913607913
2.5313762453252555
2.309872591031244
1.924769848896488
1.7006424006680803
1.2626530703906764
0.30476394688674463
0.009765537701164409
-0.1779411760226829
-0.6521155279659875
-0.8183258476267637
-1.6724939971827504
-2.05631669186789
-2.1875646903011914
-2.52161773214968
2.9498111159300695
2.71925907737087
2.5375475414378728
2.3257311062929933
1.9380910997007692
1.715440423365683
1.280584847382102
0.3177199997331147
0.030693866847364935
-0.16328565854219332
-0.6536952978682886
-0.804133418098682
-1.6590113579934869
-2.042514361512117
-2.1816046951319237
-2.51186390855592
2.9792318556670603
2.7350848576322044
2.5432919834171215
2.3411541022933875
1.9513873985353425
1.7301857284539646
1.2981961623242777
0.33065520941979204
0.051639283520642135
-0.14883350750503174
-0.6549511151978229
-0.7907015947998164
-1.6454180223237984
-2.028750215681925
-2.1759752408750606
-2.5024408549825328
3.0084997006401273
2.7511102359241937
2.5486512875521194
2.3561505517714867
1.9646555309159535
1.744869846228427
1.3154837505037058
0.3435837957649956
0.07258397825470167
-0.1345878168001577
-0.6557315168227436
-0.7781609554076192
-1.631704780398435
-2.0150405785107313
-2.1706550604940564
-2.4933401605696015
3.0375573870868684
2.7673447475813013
2.5536650171980226
2.370730993387279
1.9778919349540671
1.7594827977549534
1.3324449810835994
0.3565205462410038
0.09351031872719139
-0.12055236887547759
-0.6558428371096098
-0.7666843923754946
-1.617863406111992
-2.0013992199392803
-2.1656252517758747
-2.484552820094286
3.066358105719086
2.7837889241837126
2.5583701563322077
2.3849074127458056
1.9910926422709667
1.774013178525211
1.3490778324084545
0.36948079663049593
0.11440074401891127
-0.10673154830320937
-0.6550494625718123
-0.7564868287337181
-1.6038867139644855
-1.9878376072576833
-2.160868932373605
-2.476069298665882
3.0948627039808265
2.800437408612307
2.5628010069562337
2.3986930608135206
2.004253216993314
1.7884482601685847
1.3653808563015872
0.382480408066693
0.13523765726730813
-0.09313023605399659
-0.6530950101238497
-0.7478040234889276
-1.5897686072356598
-1.9743651333813976
-2.1563709293118416
-2.4678795986822037
3.1230377133509712
2.8172810651899227
2.5669893342760495
2.412102204788249
2.017368695084349
1.8027741087204205
1.381353132181717
0.39553573855198604
0.15600332175248502
-0.07975369057384386
-0.6497571238348657
-0.7408377687996822
-1.5755041157465233
-1.9609893199195927
-2.152117507740006
-2.4599733284274725
2.834308405521394
2.5709646991159185
2.4251498028106138
2.0304335267337
1.8169757173209384
1.3969942121506298
0.4086636062229528
0.1766797657203906
-0.06660742075993241
-0.6449261533260086
-0.7356772132742704
-1.561089421907922
-1.94771599848617
-2.1480961378083965
-2.452339771832926
-3.132331358491333
2.8515065535814386
2.57475493964294
2.437851087856717
2.043441525012744
1.8310371506345744
1.4123040584673616
0.42188124057161336
0.19724870189705979
-0.05369705514888205
-0.6386592968597052
-0.7322447261904682
-1.5465218741997127
-1.9345494758467203
-2.1442952957809913
-2.444967959059571
-3.1048998002490102
2.868861902389828
2.5783867896242527
2.450221036896742
2.0563858244587476
1.8449416977750281
1.4272829750134115
0.43520621655787334
0.21769146863769598
-0.04102821102092983
-0.6311621743697882
-0.7303143355421362
-1.531799987734597
-1.921492688784762
-2.1407042945204453
-2.4378467376909776
-3.0778762595663545
2.8863605643598906
2.5818866470048074
2.4622736877286187
2.069258853623665
1.8586720301358917
1.441931534461284
0.4486563651264718
0.23798900087814287
-0.028606366641189585
-0.6227122884184386
-0.7295882803460261
-1.5169234321070435
-1.9085473538846975
-2.1373131384427264
-2.4309648444378484
-3.0512820322874377
2.903988682899136
2.5852815358202097
2.4740212460904027
2.082052325848731
1.8722103602982525
1.456250502885284
0.4622496522308564
0.25812184032067137
-0.01643673946162721
-0.6135828148095192
-0.7297732341296653
-1.5018930072758703
-1.8957141162954705
-2.1341123984493535
-2.424310977351371
-3.0251367414258787
2.9217326496420575
2.588600338912138
2.4854728975818032
2.09475725253518
1.885538598149221
1.4702407635054908
0.47600401734441417
0.2780701952808292
-0.00452417275703061
-0.6040017540711092
-0.7306211672372723
-1.4867106087446311
-1.8829927002662417
-2.1310931029301163
-2.4178738686151418
-2.9994586012784663
2.9395792563636367
2.59187542113159
2.496633200782332
2.107363982905508
1.8986385005227309
1.4839032411423554
0.48993716202769555
0.2978140608977907
0.007126967164155328
-0.5941429627060799
-0.7319383280767967
-1.4713791837583923
-1.870382063009063
-2.128246641546363
-2.4116423580339883
-2.974264601019174
2.9575158006314877
2.5951448120271468
2.5074998911602946
2.119862273631805
1.9114918110804933
1.4972388287955016
0.5040662799833964
0.3173334093847412
0.018512881370239726
-0.5841328742612754
-0.7335785324239076
-1.4559026806047457
-1.8578805523357598
-2.125564679085045
-2.405605467358759
-2.9495706272197606
2.975530157813703
2.5984551607828124
2.518060883182402
2.13224139070706
1.9240803877821457
1.5102483175604269
0.5184077228151612
0.3366084570088239
0.029630414888490563
-0.5740613308369172
-0.7354323394462351
-1.4402859933777108
-1.8454860675817244
-2.123039077190484
-2.39975247557708
-2.925391539481191
2.993610827935342
2.601865667147396
2.52829026816869
2.1444902445419602
1.936386316127534
1.5229323308768212
0.5329766009991191
0.35562000895238643
0.04047711838704338
-0.5639914984773605
-0.7374171403843507
-1.4245349047304026
-1.8331962225820448
-2.120661822229205
-2.39407299525788
-2.9017412097583843
3.011746963239067
2.605452997512471
2.5381433009732013
2.1565975575100347
1.9483920073474819
1.5352912638766294
0.5477863276620752
0.37434987483746407
0.05105129428236477
-0.5539675440548346
-0.7394694817222615
-1.4086560292103132
-1.8210085089009238
-2.1184249579287986
-2.3885570499586533
-2.878632533496366
3.029928380607743
2.6093165120434385
2.5475510527915333
2.1685520611085676
1.9600802818098353
1.5473252283810823
0.5628481233028496
0.3927813368391065
0.06135202700830594
-0.5440201859030688
-0.7415395100757831
-1.392656759751617
-1.8089204571192041
-2.116320521765679
-2.3831951525848654
-2.8560774190185154
3.0481455618954465
2.613581458834674
2.5564170783855578
2.180342717668583
1.971434439016854
1.5590340038938149
0.5781705113491205
0.41089964022812697
0.07137919759193345
-0.5341705970785706
-0.7435870594212958
-1.376545219809466
-1.7969297937366961
-2.114340484371261
-2.3779783844263056
-2.8340867604797007
3.066389644465161
2.618394936435788
2.5646213017681667
2.1919589592954147
1.9824383166103832
1.5704169947594635
0.5937588451636399
0.42869246513634124
0.08113348307416013
-0.5244331279656528
-0.7455789134372852
-1.360330223481743
-1.7850345911238346
-2.1124766914934905
-2.3728984743805257
-2.8126703989543542
3.0846524037069547
2.6239073906567225
2.57203836095034
2.203390934646851
1.9930763416816406
1.581473193507701
0.609614913841953
0.44615033130230564
0.09061634167223057
-0.5148172091736644
-0.7474868814619549
-1.3440212457959775
-1.7732334079410157
-2.110720808303372
-2.3679478776053395
-2.7918370757577935
3.1029262289263095
2.6302374943212747
2.5785725705802633
2.214629752474588
2.0033335783199018
1.5922011502850921
0.6257366739829178
0.46326688744798944
0.09982998489246254
-0.5053286911908125
-0.7492864309907812
-1.3276284051615208
-1.7615254175145403
-2.1090642660837764
-2.3631198525169483
-2.771594381813711
3.1212040936976515
2.6374346071301096
2.5841953135240083
2.225667709778601
2.013195775657881
1.6025989481908114
0.6421181458267278
0.48003904550517346
0.10877733805157316
-0.49597079677352673
-0.7509557000366806
-1.3111624598164977
-1.7499105218022566
-2.1074982115900043
-2.3584085346676034
-2.751948706720812
3.139479521544053
2.6454652880319487
2.5889583974919472
2.236498492137421
2.0226494206331247
1.6126641842771487
0.65874949516177
0.49646693674643283
0.11746199084604644
-0.48674480532874537
-0.7524747692886811
-1.2946348199461737
-1.7383894487878677
-2.1060134596348083
-2.3538090055993584
-2.7329051910874482
2.6542345039036257
2.5929727411740955
2.247117334407049
2.0316817992617904
1.6223939559495038
0.6756173001043252
0.5125536890816736
0.12588813971743182
-0.47765055002587337
-0.7538251124012809
-1.2780575770188984
-1.726963831403453
-2.1046004497296176
-2.3493173542865877
-2.7144676856558165
-3.1254387595659696
2.6636229195394323
2.5963710123177783
2.2575211315719446
2.040281069422284
1.6317848525011176
0.6927049789709455
0.528305047639186
0.1340605237980965
-0.4686867825826941
-0.7549891684083149
-1.2614435517753093
-1.7156362663891414
-2.103249207908992
-2.3449307282645644
-2.6966387206922073
-3.1071856303132566
2.6735161940640557
2.5992782986569765
2.2677084920266632
2.0484363470117253
1.6408329515424127
0.7099933370209525
0.5437288792282838
0.14198435619268604
-0.4598514434432518
-0.7559499973590855
-1.2448063622035184
-1.704410351852695
-2.101949315173203
-2.340647371018025
-2.679419489046399
-3.0889514680233296
2.68381830488194
2.6017987947007857
2.277679728804027
2.0561378059416873
1.6495338201313356
0.7274611795081168
0.5588346117080528
0.14966525226409194
-0.45114186351763186
-0.7566909917326774
-1.2281605127136759
-1.6932907026851056
-2.100689884293957
-2.336466641705979
-2.662809846152992
-3.0707409656903852
2.694453419887525
2.6040139855344075
2.2874367879843556
2.0633767908829443
1.6578825204764462
0.745085937465975
0.5736326604327501
0.15710915645999793
-0.44255491585595846
-0.7571956239657489
-1.21152150555125
-1.6822829434157522
-2.09945954702282
-2.332389012872604
-2.6468083300345158
-3.0525584895279545
2.7053627415921877
2.6059859034790707
2.296983117390145
2.0701459400799016
1.6658736201677518
0.7628442596913161
0.5881338870678671
0.1643222690503803
-0.4340871303145369
-0.7574472158516665
-1.1949059751991675
-1.6713936785437382
-2.0982464539924
-2.3284160414948016
-2.631412204045842
-3.034408131838415
2.7165002483640897
2.60776152962945
2.306323482326995
2.0764393140737014
1.6735012069880755
0.7807125365645615
0.6023491240779667
0.1713109739591857
-0.42573478061334485
-0.7574287195483157
-1.1783318460297068
-1.6606304408518866
-2.0970382897693822
-2.324550308613356
-2.6166175246529177
-3.0162937663014118
2.727828940375502
2.6093767279000053
2.3154637382266228
2.0822525249414516
1.6807589084695862
0.7986673352897424
0.6162887844335178
0.17808176867757303
-0.417493950637241
-0.7571225031296379
-1.1618185126545604
-1.6500016186833912
-2.0958223055553704
-2.320795322961107
-2.602419235950021
-2.998219105639476
2.7393179891580965
2.610859306379215
2.3244105722930333
2.0875828598023545
1.6876399164828144
0.8166857390477268
0.6299625633596491
0.18464119705099344
-0.4093605850411813
-0.7565101365566237
-1.145387041119432
-1.6395163636257684
-2.0945853718790186
-2.3171553845180752
-2.5888112918814223
-2.980187761648176
2.7509407265711094
2.6122312629226294
2.333171227460383
2.0924293919524324
1.6941370172771886
0.8347455927130075
0.6433792289698164
0.19099578554697758
-0.4013305279442021
-0.7555721770857763
-1.129060387075943
-1.6291844804869275
-2.093314053217803
-2.3136354048647747
-2.5757868062444262
-2.9622033076015253
2.7626732884574796
2.613510392070422
2.34175322207568
2.096793073112044
1.7002426275294418
0.852825664568731
0.6565464920022067
0.19715198344066784
-0.39339955257865455
-0.7542879569164797
-1.1128636240598364
-1.619016301849458
-2.0919947057722057
-2.310240682633299
-2.5633382295184624
-2.9442693430656224
2.7744937321548817
2.6147114266545177
2.350164077782488
2.1006768008908243
1.7059488370943279
0.8709057370730794
0.6694709413965497
0.20311610720514986
-0.38556338409237745
-0.7526353807389519
-1.0968241706863278
-1.6090225498373842
-2.0906135985483996
-2.306976634308027
-2.5514575504020938
-2.9263895611792288
2.786381483941332
2.6158468511693123
2.3584110662786975
2.1040854566236864
1.7112474592856868
0.8889666408401373
0.6821580314533114
0.208894289265941
-0.3778177172079801
-0.7505907471876939
-1.0809719996119707
-1.5992141880112483
-2.0891570564791038
-2.3038484831017296
-2.5401365186603835
-2.9085678184947836
2.7983170105313633
2.616927486885655
2.366500983207513
2.1070259100909885
1.716130089636498
0.9069902453913969
0.6946121070134805
0.2144924311739773
-0.3701582300742903
-0.74812861632514
-1.065339803271633
-1.5896022665127865
-2.087611622570143
-2.300860911576295
-2.529366884499793
-2.8908082075239467
2.810281639381569
2.6179629191676304
2.374439954715305
2.10950698916103
1.7205881741849542
0.9249594186325591
0.706836454763623
0.21991616116894422
-0.3625805953645487
-0.7452217551805832
-1.0499630817164747
-1.5801977637004228
-2.0859642341090576
-2.298017686977427
-2.5191406481956373
-2.8731151322061224
2.8222574752188763
2.6189618159662995
2.382233279469601
2.1115394139321157
1.7246130883972575
0.9428579649719693
0.7188333708496065
0.2251707960427149
-0.35508048945880993
-0.7418412044723167
-1.0348801069646651
-1.5710114275475497
-2.0842024059916913
-2.295321271736786
-2.5094503120823792
-2.855493386627161
2.8342273763905736
2.6199321713838155
2.3898853064362466
2.1131356963726997
1.7281962278536573
0.9606705499004029
0.7306042370979728
0.230261307169684
-0.3476536003761938
-0.7379565203679431
-1.020131707732903
-1.5620536200142554
-2.082314412453891
-2.292772435038277
-2.5002891252447834
-2.8379482374717613
2.8461749660553246
2.620881497735662
2.3973993466622634
2.1143100076647956
1.7313291117766574
0.9783826169179349
0.7421496000750826
0.23519229054341192
-0.340295634983455
-0.7335362524457884
-1.005760811306027
-1.5533341674523016
-2.0802894572158848
-2.2903698844914575
-2.4916513092733075
-2.820485510916008
2.858084661268993
2.6218169822545496
2.4047776158216756
2.115078016399402
1.7340035003549128
0.9959803010291778
0.7534692488574894
0.239967940645683
-0.333002325890111
-0.7285487181066675
-0.9918116804386693
-1.5448622198669129
-2.078117821523655
-2.2881099395423288
-2.4835322512293825
-2.803111684981656
2.8699417086735095
2.6227456194411936
2.412021203400006
2.1154567014501002
1.7362115265996327
1.0134503416619614
0.7645622887137871
0.2445920279714319
-0.32576943834055383
-0.7229631183123653
-0.9783287988133708
-1.5366461215457747
-2.0757909800055514
-2.285986270035093
-2.475928647502865
-2.785833988818997
2.881732219477342
2.623674326359967
2.4191300641019877
2.1154641437988295
1.7379458431533958
1.0307799967811502
0.7754272089253587
0.24906788003913458
-0.31859277732533775
-0.7167510035611284
-0.9653553948408324
-1.5286932951862384
-2.073301675732463
-2.2839897240924096
-2.4688385796146113
-2.7686605110164604
2.893443199212751
2.6246100454168992
2.426103027301818
2.11511930186635
1.739199784051965
1.0479569591306523
0.7860619437397266
0.2533983657290058
-0.31146819505353673
-0.7098880396220509
-0.9529316533082561
-1.5210101412199175
-2.070643948296448
-2.282108268973936
-2.462261500439567
-2.7516003199363923
2.905062569709631
2.6255598370163034
2.432937821025922
2.1144417750771693
1.7399675409258497
1.0649692748962016
0.7964639260012701
0.2575858828086313
-0.304391598853753
-0.7023559446469361
-0.9410927426480626
-1.513601953565155
-2.067813111863406
-2.2803270665056012
-2.4561981072002124
-2.734663600377652
2.9165791820787446
2.626530962750431
2.4396311079642254
2.1134515605240605
1.7402443525408644
1.0818052645931981
0.8066301333857778
0.26163234852647166
-0.2973589595011449
-0.6941443891003485
-0.9298668661624111
-1.5064728525497506
-2.0648056836410547
-2.2786287006168306
-2.450650076493804
-2.717861812768407
2.927982820419393
2.6275309582879527
2.4461785322481484
2.1121688077294745
1.7400267059510799
1.0984534456052373
0.8165571274173355
0.265539193176152
-0.29036631990151124
-0.6852525942114864
-0.919273601672027
-1.499625735257191
-2.0616192666056348
-2.276993567902957
-2.4456196372467307
-2.701207883917135
2.9392641965808006
2.628567693802092
2.4525747771185484
2.110613576641196
1.7393125469251864
1.1149024554938143
0.8262410856030414
0.2693073565585699
-0.2834098040003605
-0.6756903621941042
-0.9093227969067075
-1.4930622430771907
-2.0582523932464407
-2.2754004323236194
-2.4411089603402596
-2.684716442609377
2.9504149367008066
2.6296494185758195
2.458813635043038
2.108805604129118
1.7381014967729105
1.1311409749363062
0.8356778271096499
0.27293728729316247
-0.2764856257255934
-0.6654783387205034
-0.9000142210886225
-1.4867827458034768
-2.054704339215569
-2.2738271317797394
-2.4371193485588587
-2.6684041198695203
2.9614275604835756
2.630784785344853
2.4648880932309436
2.1067640843258686
1.7363950723165964
1.147157648901407
0.844862832448298
0.27642894495417847
-0.2695900977179355
-0.6546474360178836
-0.8913380456171528
-1.480786341233601
-2.0509749169608615
-2.2722514077251073
-2.433650215896013
-2.652289943892954
2.9722954543063715
2.6319828490494173
2.4707904387169553
2.104507468118512
1.734196905602386
1.1629410044159285
0.8537912576458869
0.27978180503254785
-0.2627196395537101
-0.6432374976849109
-0.8832760743272959
-1.475070868899542
-2.0470642596847877
-2.270651810745383
-2.430697847201719
-2.6363958758093684
2.983012839296139
2.6332530340796754
2.476512388085266
2.1020532868889226
1.7315129600958776
1.178479362993091
0.8624579433767198
0.2829948667482214
-0.2558707851222506
-0.6312954159064122
-0.8758035144492582
-1.4696329363039518
-2.042972605459752
-2.2690086182715956
-2.428253920505779
-2.6207475584851623
2.993574735513987
2.634605064000856
2.4820452472848635
2.099418005165964
1.7283517406139985
1.1937607454616423
0.8708574195162021
0.2860666637624521
-0.24904018878584608
-0.618872980539358
-0.8688910107712688
-1.464467955859778
-2.0387000902767634
-2.2673046895634106
-2.426303743894813
